Date,Open,High,Low,Close,Adj Close,Volume
2011-01-03,402.250000,415.989990,402.250000,415.989990,415.989990,1323200
2011-01-04,415.739990,417.619995,408.299988,409.380005,409.380005,1088300
2011-01-05,410.640015,434.950012,410.640015,433.600006,433.600006,2406400
2011-01-06,433.959991,441.540009,430.089996,437.320007,437.320007,1634500
2011-01-07,439.200012,441.890015,434.450012,440.589996,440.589996,1098800
2011-01-10,437.790009,441.500000,435.149994,440.559998,440.559998,616100
2011-01-11,442.799988,443.190002,429.130005,431.209991,431.209991,1445600
2011-01-12,433.239990,435.470001,431.739990,434.239990,434.239990,585900
2011-01-13,435.230011,440.600006,433.420013,439.510010,439.510010,616000
2011-01-14,438.130005,439.480011,435.000000,437.989990,437.989990,789700
2011-01-18,437.209991,441.500000,437.209991,440.910004,440.910004,693000
2011-01-19,440.109985,440.910004,429.549988,432.029999,432.029999,826700
2011-01-20,429.779999,429.779999,416.000000,424.220001,424.220001,1425800
2011-01-21,425.309998,431.010010,424.350006,425.600006,425.600006,1137100
2011-01-24,425.040009,426.859985,417.320007,423.799988,423.799988,706500
2011-01-25,420.450012,428.859985,418.799988,428.859985,428.859985,724300
2011-01-26,428.209991,428.970001,421.019989,422.700012,422.700012,911400
2011-01-27,423.630005,439.170013,423.410004,437.140015,437.140015,1118600
2011-01-28,435.630005,439.000000,424.000000,425.309998,425.309998,1278300
2011-01-31,425.399994,429.869995,421.760010,428.519989,428.519989,706200
2011-02-01,432.000000,444.950012,431.940002,437.929993,437.929993,1033100
2011-02-02,435.339996,441.790009,435.320007,437.190002,437.190002,559600
2011-02-03,435.480011,441.000000,435.250000,435.989990,435.989990,778300
2011-02-04,436.980011,440.000000,433.029999,433.429993,433.429993,1114200
2011-02-07,436.000000,441.619995,431.059998,437.200012,437.200012,951700
2011-02-08,435.940002,443.399994,435.269989,442.750000,442.750000,801500
2011-02-09,441.959991,459.100006,440.440002,451.109985,451.109985,1364500
2011-02-10,449.690002,456.500000,445.220001,455.429993,455.429993,1100100
2011-02-11,450.730011,457.730011,448.549988,455.390015,455.390015,1167300
2011-02-14,458.000000,459.570007,453.529999,457.010010,457.010010,666900
2011-02-15,454.000000,464.470001,452.540009,457.200012,457.200012,888200
2011-02-16,457.850006,461.600006,455.820007,458.040009,458.040009,658500
2011-02-17,457.790009,462.350006,453.950012,455.269989,455.269989,709700
2011-02-18,455.500000,457.579987,446.459991,448.929993,448.929993,968500
2011-02-22,443.579987,444.910004,430.299988,433.779999,433.779999,1333300
2011-02-23,433.010010,438.880005,416.000000,425.989990,425.989990,2583500
2011-02-24,466.609985,469.399994,453.109985,462.339996,462.339996,4461500
2011-02-25,465.940002,465.970001,459.510010,460.029999,460.029999,1229800
2011-02-28,460.750000,463.989990,450.230011,453.880005,453.880005,1332900
2011-03-01,450.000000,452.239990,440.809998,445.230011,445.230011,1795200
2011-03-02,443.269989,454.489990,443.010010,449.179993,449.179993,1300100
2011-03-03,453.750000,464.799988,453.750000,464.790009,464.790009,1545700
2011-03-04,462.869995,469.739990,461.559998,469.130005,469.130005,1346800
2011-03-07,470.000000,474.739990,459.260010,466.690002,466.690002,1450000
2011-03-08,464.549988,471.700012,460.109985,469.079987,469.079987,1273500
2011-03-09,464.670013,474.359985,464.670013,468.519989,468.519989,1126900
2011-03-10,461.260010,468.690002,457.220001,464.410004,464.410004,1325900
2011-03-11,462.200012,466.760010,457.299988,463.190002,463.190002,925500
2011-03-14,459.209991,464.500000,455.440002,463.609985,463.609985,897000
2011-03-15,451.630005,464.350006,451.250000,461.339996,461.339996,1221600
2011-03-16,459.119995,466.529999,450.000000,455.959991,455.959991,1317100
2011-03-17,462.500000,462.500000,451.769989,452.190002,452.190002,915500
2011-03-18,456.880005,457.790009,448.500000,449.540009,449.540009,1352500
2011-03-21,453.000000,458.470001,443.119995,456.929993,456.929993,1032900
2011-03-22,458.000000,462.190002,448.720001,455.700012,455.700012,1331700
2011-03-23,454.549988,467.989990,450.059998,466.260010,466.260010,1174700
2011-03-24,470.519989,478.000000,468.000000,476.010010,476.010010,1191600
2011-03-25,480.130005,490.390015,478.149994,487.000000,487.000000,1236100
2011-03-28,488.470001,491.359985,483.989990,483.989990,483.989990,771400
2011-03-29,482.839996,493.440002,481.000000,491.690002,491.690002,981900
2011-03-30,495.010010,506.690002,493.630005,504.000000,504.000000,1237900
2011-03-31,503.019989,509.000000,500.600006,506.440002,506.440002,1087800
2011-04-01,508.179993,515.640015,507.829987,513.849976,513.849976,1393700
2011-04-04,515.210022,518.679993,509.500000,518.590027,518.590027,883700
2011-04-05,516.650024,522.000000,514.809998,516.940002,516.940002,710500
2011-04-06,520.000000,521.000000,503.540009,506.269989,506.269989,1306900
2011-04-07,506.380005,511.850006,502.220001,508.859985,508.859985,956500
2011-04-08,514.000000,515.979980,504.549988,506.820007,506.820007,927000
2011-04-11,507.859985,512.500000,500.470001,512.450012,512.450012,1074700
2011-04-12,509.989990,515.000000,505.500000,512.140015,512.140015,946000
2011-04-13,514.250000,516.299988,509.500000,514.809998,514.809998,833500
2011-04-14,511.790009,514.000000,508.010010,512.650024,512.650024,959900
2011-04-15,512.880005,520.340027,509.350006,520.070007,520.070007,933200
2011-04-18,517.280029,517.849976,507.549988,516.780029,516.780029,1016700
2011-04-19,517.000000,525.570007,512.669983,525.530029,525.530029,821200
2011-04-20,530.599976,537.000000,530.020020,531.349976,531.349976,1011300
2011-04-21,533.140015,544.270020,530.359985,543.950012,543.950012,901600
2011-04-25,544.799988,547.909973,542.229980,544.309998,544.309998,567400
2011-04-26,544.940002,546.200012,532.369995,537.690002,537.690002,809400
2011-04-27,538.659973,544.559998,534.799988,539.450012,539.450012,729300
2011-04-28,538.869995,551.169983,537.580017,550.030029,550.030029,832200
2011-04-29,550.229980,556.270020,545.950012,547.010010,547.010010,1132200
2011-05-02,551.820007,561.880005,551.219971,555.650024,555.650024,1228500
2011-05-03,556.469971,561.000000,537.030029,540.109985,540.109985,1200000
2011-05-04,539.989990,544.229980,528.000000,537.559998,537.559998,1139700
2011-05-05,535.500000,545.500000,531.179993,533.969971,533.969971,2300000
2011-05-06,530.500000,540.929993,518.099976,519.030029,519.030029,3351900
2011-05-09,519.250000,532.000000,517.580017,529.200012,529.200012,1230100
2011-05-10,531.299988,531.919983,524.280029,528.500000,528.500000,1246900
2011-05-11,528.500000,530.150024,518.000000,520.989990,520.989990,818300
2011-05-12,520.500000,527.039978,514.099976,523.960022,523.960022,990000
2011-05-13,524.340027,530.679993,520.500000,520.609985,520.609985,842400
2011-05-16,518.010010,519.330017,498.609985,503.380005,503.380005,1466700
2011-05-17,499.859985,505.390015,493.670013,504.399994,504.399994,1283700
2011-05-18,505.100006,521.010010,502.790009,518.380005,518.380005,1290800
2011-05-19,519.869995,527.500000,519.229980,522.099976,522.099976,823800
2011-05-20,521.169983,525.989990,519.599976,520.080017,520.080017,764400
2011-05-23,512.950012,513.580017,501.040009,501.660004,501.660004,1400000
2011-05-24,504.000000,504.679993,489.000000,490.920013,490.920013,1639100
2011-05-25,488.510010,502.769989,487.700012,498.809998,498.809998,1048000
2011-05-26,497.500000,507.450012,496.739990,505.109985,505.109985,809300
2011-05-27,505.390015,509.649994,500.549988,501.440002,501.440002,626900
2011-05-31,506.049988,515.190002,505.149994,515.190002,515.190002,865200
2011-06-01,514.179993,519.390015,506.059998,507.059998,507.059998,957900
2011-06-02,507.989990,514.979980,504.140015,512.780029,512.780029,757300
2011-06-03,506.380005,516.359985,505.000000,507.799988,507.799988,897000
2011-06-06,506.049988,510.380005,501.029999,502.869995,502.869995,785500
2011-06-07,504.679993,511.279999,501.260010,506.119995,506.119995,683400
2011-06-08,504.519989,509.809998,497.190002,500.679993,500.679993,786600
2011-06-09,501.119995,506.279999,495.700012,503.170013,503.170013,522600
2011-06-10,501.859985,502.899994,491.380005,493.179993,493.179993,856400
2011-06-13,495.500000,497.600006,480.000000,482.130005,482.130005,1167600
2011-06-14,486.399994,489.329987,477.140015,480.720001,480.720001,1105200
2011-06-15,476.750000,480.989990,468.510010,471.170013,471.170013,1042500
2011-06-16,470.149994,471.910004,452.339996,461.709991,461.709991,1633500
2011-06-17,466.399994,467.920013,460.160004,462.350006,462.350006,1345400
2011-06-20,456.359985,465.459991,451.750000,458.779999,458.779999,808300
2011-06-21,461.559998,489.559998,458.950012,487.609985,487.609985,1747600
2011-06-22,485.109985,489.380005,480.339996,480.660004,480.660004,922000
2011-06-23,474.239990,490.690002,473.100006,490.000000,490.000000,1138800
2011-06-24,490.429993,490.589996,480.049988,482.970001,482.970001,1399500
2011-06-27,483.739990,489.690002,483.739990,487.100006,487.100006,754400
2011-06-28,489.350006,495.649994,486.619995,495.399994,495.399994,1159800
2011-06-29,497.600006,507.100006,492.410004,503.880005,503.880005,1188600
2011-06-30,507.609985,514.510010,505.619995,511.929993,511.929993,1006900
2011-07-01,513.390015,525.239990,510.000000,524.799988,524.799988,1058600
2011-07-05,525.000000,537.099976,521.109985,535.369995,535.369995,880200
2011-07-06,534.840027,538.960022,530.039978,536.130005,536.130005,647400
2011-07-07,541.739990,549.599976,540.169983,547.340027,547.340027,904800
2011-07-08,538.690002,552.150024,535.260010,552.150024,552.150024,1087200
2011-07-11,544.000000,548.750000,535.200012,536.549988,536.549988,1100400
2011-07-12,534.580017,535.489990,526.200012,528.570007,528.570007,1138300
2011-07-13,534.140015,541.969971,530.000000,532.270020,532.270020,812200
2011-07-14,534.770020,537.690002,518.500000,519.719971,519.719971,756500
2011-07-15,522.280029,526.849976,515.799988,522.500000,522.500000,711500
2011-07-18,520.599976,521.390015,510.160004,516.659973,516.659973,606500
2011-07-19,521.979980,538.859985,520.489990,537.500000,537.500000,954400
2011-07-20,538.020020,538.619995,529.150024,529.950012,529.950012,512000
2011-07-21,527.900024,542.500000,523.679993,526.010010,526.010010,987100
2011-07-22,527.179993,533.270020,525.000000,530.369995,530.369995,671600
2011-07-25,529.000000,540.000000,529.000000,529.750000,529.750000,450800
2011-07-26,530.330017,538.460022,530.330017,533.669983,533.669983,549500
2011-07-27,532.380005,534.700012,516.010010,517.210022,517.210022,670200
2011-07-28,516.700012,529.969971,511.850006,522.289978,522.289978,953100
2011-07-29,528.179993,542.869995,526.000000,537.650024,537.650024,1358900
2011-08-01,547.229980,547.880005,527.690002,538.859985,538.859985,1142200
2011-08-02,536.099976,539.150024,517.450012,518.320007,518.320007,1209200
2011-08-03,522.320007,525.390015,501.309998,521.969971,521.969971,1203200
2011-08-04,518.010010,519.450012,480.839996,483.339996,483.339996,3011000
2011-08-05,537.599976,540.900024,510.519989,527.809998,527.809998,4049100
2011-08-08,510.250000,523.489990,503.940002,505.000000,505.000000,2461600
2011-08-09,511.000000,525.099976,490.500000,517.419983,517.419983,2466900
2011-08-10,503.160004,512.950012,497.500000,498.799988,498.799988,2170200
2011-08-11,501.950012,508.059998,485.329987,500.160004,500.160004,1852000
2011-08-12,505.720001,509.989990,498.000000,503.109985,503.109985,947800
2011-08-15,504.660004,514.929993,500.390015,514.349976,514.349976,1064100
2011-08-16,506.730011,508.260010,489.000000,497.320007,497.320007,1816800
2011-08-17,499.200012,505.510010,486.000000,491.850006,491.850006,1018100
2011-08-18,476.570007,476.850006,450.149994,458.799988,458.799988,2017000
2011-08-19,452.000000,477.799988,445.149994,448.950012,448.950012,2201500
2011-08-22,458.500000,463.989990,441.549988,446.320007,446.320007,1642600
2011-08-23,450.130005,477.480011,447.730011,476.609985,476.609985,1461800
2011-08-24,478.890015,487.970001,475.000000,485.500000,485.500000,1597900
2011-08-25,487.640015,494.980011,480.950012,483.559998,483.559998,990100
2011-08-26,477.989990,503.809998,475.500000,503.470001,503.470001,1345700
2011-08-29,510.000000,522.320007,509.059998,521.010010,521.010010,1118800
2011-08-30,520.489990,541.780029,518.510010,535.219971,535.219971,1585500
2011-08-31,539.400024,542.690002,529.539978,537.260010,537.260010,1302000
2011-09-01,537.260010,541.469971,529.080017,529.840027,529.840027,857600
2011-09-02,519.960022,530.489990,518.099976,528.190002,528.190002,788300
2011-09-06,517.489990,534.200012,514.010010,533.700012,533.700012,1207700
2011-09-07,540.000000,542.510010,533.000000,542.140015,542.140015,1078600
2011-09-08,538.650024,549.330017,533.099976,538.390015,538.390015,1483700
2011-09-09,534.890015,538.039978,516.900024,520.750000,520.750000,1613300
2011-09-12,511.450012,531.770020,508.140015,528.869995,528.869995,1197400
2011-09-13,530.469971,530.700012,516.599976,523.030029,523.030029,1001400
2011-09-14,524.929993,539.000000,513.000000,529.559998,529.559998,1473400
2011-09-15,533.679993,534.700012,522.700012,524.000000,524.000000,943500
2011-09-16,528.619995,531.169983,523.130005,525.469971,525.469971,1341200
2011-09-19,518.340027,536.450012,510.540009,531.450012,531.450012,1155500
2011-09-20,533.090027,554.000000,528.000000,537.239990,537.239990,1735000
2011-09-21,538.000000,549.960022,531.000000,531.270020,531.270020,1137400
2011-09-22,516.390015,521.489990,499.250000,505.570007,505.570007,1832300
2011-09-23,503.000000,517.609985,500.700012,514.609985,514.609985,1342800
2011-09-26,514.700012,515.989990,492.000000,513.590027,513.590027,1476800
2011-09-27,523.489990,523.580017,504.070007,511.119995,511.119995,1323700
2011-09-28,512.739990,518.000000,495.339996,498.089996,498.089996,1080100
2011-09-29,506.029999,506.779999,463.149994,478.019989,478.019989,2383200
2011-09-30,469.119995,472.269989,449.329987,449.459991,449.459991,2199700
2011-10-03,454.350006,467.000000,445.290009,445.750000,445.750000,1940000
2011-10-04,440.700012,447.970001,411.260010,444.000000,444.000000,2650500
2011-10-05,441.170013,449.500000,424.119995,445.670013,445.670013,1882400
2011-10-06,447.779999,472.829987,444.279999,469.559998,469.559998,1935400
2011-10-07,474.119995,474.839996,457.799988,467.730011,467.730011,1545000
2011-10-10,475.750000,483.950012,474.000000,483.850006,483.850006,960500
2011-10-11,480.950012,494.640015,478.619995,493.260010,493.260010,1049400
2011-10-12,499.450012,503.980011,485.109985,485.540009,485.540009,1427700
2011-10-13,485.059998,495.750000,483.929993,493.769989,493.769989,1105700
2011-10-14,503.130005,503.350006,492.510010,499.130005,499.130005,761700
2011-10-17,495.290009,506.869995,491.470001,492.850006,492.850006,710000
2011-10-18,492.160004,496.720001,475.899994,493.209991,493.209991,1121700
2011-10-19,490.820007,493.260010,473.809998,479.000000,479.000000,1166900
2011-10-20,478.470001,480.500000,468.670013,473.820007,473.820007,954000
2011-10-21,479.720001,495.790009,478.320007,495.459991,495.459991,1450500
2011-10-24,494.000000,521.239990,491.850006,519.820007,519.820007,1232300
2011-10-25,517.020020,522.989990,503.670013,505.059998,505.059998,1147300
2011-10-26,510.109985,513.609985,480.320007,495.630005,495.630005,1489300
2011-10-27,512.380005,524.419983,510.690002,520.549988,520.549988,1543000
2011-10-28,515.000000,526.750000,511.000000,523.679993,523.679993,995100
2011-10-31,519.000000,522.000000,507.690002,507.720001,507.720001,971700
2011-11-01,492.079987,499.230011,478.649994,489.019989,489.019989,1475900
2011-11-02,496.149994,497.230011,487.000000,493.640015,493.640015,968100
2011-11-03,498.570007,511.769989,490.309998,511.709991,511.709991,1017200
2011-11-04,509.000000,516.979980,498.000000,513.369995,513.369995,1638600
2011-11-07,517.239990,519.000000,503.200012,509.000000,509.000000,2448600
2011-11-08,520.000000,553.330017,519.630005,552.849976,552.849976,3903600
2011-11-09,543.000000,547.789978,535.099976,536.549988,536.549988,1819400
2011-11-10,542.340027,543.000000,525.549988,528.359985,528.359985,1367900
2011-11-11,535.109985,535.469971,525.070007,533.309998,533.309998,1225400
2011-11-14,530.979980,544.380005,530.159973,534.400024,534.400024,1054600
2011-11-15,531.539978,549.760010,530.169983,546.820007,546.820007,1188200
2011-11-16,541.369995,548.000000,537.000000,538.330017,538.330017,1007100
2011-11-17,538.049988,541.000000,511.410004,513.400024,513.400024,1593300
2011-11-18,514.630005,515.630005,493.619995,496.920013,496.920013,1682100
2011-11-21,486.970001,494.910004,474.380005,477.649994,477.649994,1225300
2011-11-22,472.779999,485.989990,472.160004,481.070007,481.070007,894800
2011-11-23,478.000000,479.390015,464.029999,464.529999,464.529999,894900
2011-11-25,462.970001,466.970001,456.269989,459.179993,459.179993,447800
2011-11-28,474.510010,483.029999,468.750000,472.500000,472.500000,893900
2011-11-29,475.410004,475.500000,460.660004,463.000000,463.000000,893600
2011-11-30,478.890015,486.450012,472.940002,485.890015,485.890015,1160900
2011-12-01,483.869995,493.269989,482.010010,488.429993,488.429993,816400
2011-12-02,497.420013,498.820007,485.000000,486.480011,486.480011,979100
2011-12-05,495.630005,495.630005,478.989990,484.019989,484.019989,888000
2011-12-06,482.769989,485.880005,473.359985,479.100006,479.100006,860700
2011-12-07,476.709991,486.390015,472.000000,484.290009,484.290009,994100
2011-12-08,482.859985,486.000000,477.000000,479.459991,479.459991,860600
2011-12-09,480.000000,482.000000,474.380005,479.739990,479.739990,762900
2011-12-12,474.500000,476.269989,468.000000,475.390015,475.390015,629400
2011-12-13,476.140015,481.660004,461.399994,462.690002,462.690002,805600
2011-12-14,462.059998,463.119995,441.600006,445.190002,445.190002,1701300
2011-12-15,450.049988,452.500000,438.760010,445.390015,445.390015,1631600
2011-12-16,450.000000,457.679993,448.130005,457.079987,457.079987,1334200
2011-12-19,456.649994,465.450012,455.100006,459.730011,459.730011,865500
2011-12-20,466.010010,480.089996,466.010010,480.089996,480.089996,1097900
2011-12-21,478.250000,478.799988,464.510010,472.329987,472.329987,898100
2011-12-22,472.589996,482.609985,470.839996,479.690002,479.690002,708400
2011-12-23,482.329987,483.609985,478.119995,481.730011,481.730011,432000
2011-12-27,480.000000,487.239990,479.290009,484.209991,484.209991,375000
2011-12-28,483.000000,483.910004,474.260010,475.399994,475.399994,519600
2011-12-29,476.309998,477.589996,465.850006,476.000000,476.000000,446800
2011-12-30,474.700012,477.899994,467.500000,467.709991,467.709991,476200
2012-01-03,475.000000,486.540009,474.649994,485.149994,485.149994,724100
2012-01-04,485.470001,485.660004,476.200012,480.910004,480.910004,548900
2012-01-05,479.079987,488.000000,473.420013,486.209991,486.209991,744100
2012-01-06,487.829987,489.279999,479.059998,480.309998,480.309998,699800
2012-01-09,482.190002,485.000000,472.399994,476.079987,476.079987,729500
2012-01-10,481.630005,486.209991,480.019989,484.279999,484.279999,669600
2012-01-11,483.000000,484.959991,476.760010,477.700012,477.700012,464400
2012-01-12,477.570007,479.489990,471.109985,476.179993,476.179993,558500
2012-01-13,472.609985,483.000000,469.279999,482.429993,482.429993,642500
2012-01-17,487.570007,501.600006,485.369995,498.209991,498.209991,905600
2012-01-18,497.000000,519.390015,496.000000,518.830017,518.830017,1226300
2012-01-19,520.000000,527.049988,520.000000,526.070007,526.070007,756100
2012-01-20,521.469971,521.969971,514.299988,518.580017,518.580017,903900
2012-01-23,517.119995,525.049988,514.000000,518.020020,518.020020,643600
2012-01-24,514.460022,525.500000,512.599976,523.729980,523.729980,533500
2012-01-25,523.469971,529.919983,518.659973,528.349976,528.349976,535700
2012-01-26,530.000000,537.559998,523.000000,524.659973,524.659973,685000
2012-01-27,523.799988,527.380005,520.729980,525.859985,525.859985,474300
2012-01-30,522.950012,524.159973,518.599976,522.409973,522.409973,535500
2012-01-31,525.500000,531.000000,523.599976,529.489990,529.489990,689600
2012-02-01,533.409973,536.460022,522.369995,535.900024,535.900024,827900
2012-02-02,535.000000,536.500000,529.929993,533.830017,533.830017,500700
2012-02-03,538.630005,549.000000,537.520020,546.979980,546.979980,826800
2012-02-06,544.799988,547.599976,536.609985,536.729980,536.729980,717100
2012-02-07,535.799988,538.750000,527.619995,529.190002,529.190002,907700
2012-02-08,527.539978,538.809998,527.380005,538.369995,538.369995,915800
2012-02-09,537.460022,542.960022,533.229980,540.130005,540.130005,688900
2012-02-10,533.650024,546.900024,533.239990,545.039978,545.039978,1014600
2012-02-13,549.429993,573.130005,547.099976,571.150024,571.150024,1381800
2012-02-14,569.419983,588.559998,569.419983,576.940002,576.940002,1231900
2012-02-15,581.020020,584.880005,568.609985,570.299988,570.299988,944600
2012-02-16,570.390015,574.239990,558.150024,571.320007,571.320007,745400
2012-02-17,571.580017,583.500000,571.270020,582.520020,582.520020,760800
2012-02-21,585.520020,593.000000,579.280029,584.750000,584.750000,814000
2012-02-22,585.000000,591.000000,581.250000,587.719971,587.719971,867800
2012-02-23,588.530029,593.820007,585.239990,587.400024,587.400024,716600
2012-02-24,590.169983,595.840027,589.770020,590.409973,590.409973,945900
2012-02-27,594.950012,597.000000,587.130005,591.539978,591.539978,1882400
2012-02-28,634.809998,637.880005,627.309998,632.760010,632.760010,2767800
2012-02-29,632.400024,634.659973,626.419983,627.020020,627.020020,1249800
2012-03-01,626.030029,638.559998,626.000000,637.320007,637.320007,1054300
2012-03-02,637.419983,646.000000,635.659973,645.859985,645.859985,1144400
2012-03-05,647.030029,649.700012,635.200012,642.690002,642.690002,882200
2012-03-06,634.530029,638.520020,628.200012,629.739990,629.739990,862500
2012-03-07,636.000000,643.820007,635.510010,641.599976,641.599976,1429200
2012-03-08,647.429993,654.900024,641.260010,653.820007,653.820007,866400
2012-03-09,655.000000,655.090027,647.000000,647.450012,647.450012,979900
2012-03-12,647.450012,653.380005,644.619995,650.950012,650.950012,564200
2012-03-13,654.960022,655.330017,647.080017,653.789978,653.789978,549800
2012-03-14,653.150024,653.539978,643.900024,650.750000,650.750000,614200
2012-03-15,649.989990,659.669983,646.070007,657.250000,657.250000,690100
2012-03-16,657.250000,675.640015,657.250000,675.500000,675.500000,1263400
2012-03-19,678.859985,699.890015,678.510010,696.929993,696.929993,1115000
2012-03-20,693.299988,698.039978,686.150024,696.469971,696.469971,847100
2012-03-21,695.559998,709.309998,695.250000,703.650024,703.650024,1084000
2012-03-22,700.280029,713.530029,699.500000,711.989990,711.989990,974100
2012-03-23,713.950012,717.169983,707.000000,714.989990,714.989990,1032500
2012-03-26,722.010010,736.919983,718.849976,735.400024,735.400024,1307800
2012-03-27,735.390015,736.450012,727.200012,728.849976,728.849976,954300
2012-03-28,729.450012,734.630005,709.429993,718.200012,718.200012,1159700
2012-03-29,712.099976,722.049988,709.090027,720.039978,720.039978,1033200
2012-03-30,725.000000,729.059998,715.900024,717.500000,717.500000,881700
2012-04-02,717.260010,727.630005,717.250000,719.969971,719.969971,807700
2012-04-03,721.200012,745.000000,721.200012,743.619995,743.619995,1503800
2012-04-04,737.549988,746.539978,729.000000,745.900024,745.900024,1523500
2012-04-05,749.280029,759.890015,748.000000,756.799988,756.799988,1580100
2012-04-09,746.849976,768.900024,746.000000,764.750000,764.750000,1270000
2012-04-10,768.500000,774.960022,739.059998,741.260010,741.260010,2381800
2012-04-11,750.880005,751.000000,719.250000,729.570007,729.570007,2148300
2012-04-12,731.440002,744.000000,724.289978,742.150024,742.150024,1218300
2012-04-13,739.789978,749.809998,730.700012,735.179993,735.179993,1258200
2012-04-16,737.000000,738.400024,698.950012,702.000000,702.000000,1915800
2012-04-17,704.200012,721.369995,699.049988,715.369995,715.369995,1119500
2012-04-18,714.809998,739.000000,712.059998,732.219971,732.219971,1347100
2012-04-19,727.710022,738.580017,711.650024,717.179993,717.179993,1170400
2012-04-20,719.859985,727.000000,707.280029,710.169983,710.169983,1020600
2012-04-23,701.200012,702.210022,683.239990,699.000000,699.000000,1284600
2012-04-24,696.669983,703.989990,678.039978,685.010010,685.010010,1068200
2012-04-25,701.570007,726.979980,695.489990,724.549988,724.549988,1360500
2012-04-26,723.400024,736.849976,720.880005,733.270020,733.270020,1079400
2012-04-27,750.979980,767.500000,748.000000,762.130005,762.130005,1849400
2012-04-30,761.010010,772.349976,751.000000,760.820007,760.820007,1253500
2012-05-01,760.820007,766.890015,750.000000,755.169983,755.169983,1049200
2012-05-02,755.559998,762.400024,747.140015,761.059998,761.059998,1129400
2012-05-03,763.049988,764.590027,745.549988,749.729980,749.729980,898600
2012-05-04,745.309998,747.000000,734.309998,736.070007,736.070007,1141200
2012-05-07,736.380005,752.460022,734.530029,737.650024,737.650024,1047900
2012-05-08,736.010010,739.989990,705.010010,716.200012,716.200012,2150800
2012-05-09,708.739990,733.049988,707.200012,718.950012,718.950012,2551700
2012-05-10,703.119995,706.000000,680.229980,681.109985,681.109985,3137200
2012-05-11,671.489990,684.840027,670.020020,675.390015,675.390015,1697700
2012-05-14,669.500000,673.880005,662.179993,663.179993,663.179993,1084100
2012-05-15,664.590027,675.590027,658.969971,662.330017,662.330017,1027400
2012-05-16,664.900024,674.799988,656.989990,662.239990,662.239990,1213900
2012-05-17,663.770020,665.489990,645.000000,645.409973,645.409973,1340000
2012-05-18,648.849976,650.729980,630.130005,632.000000,632.000000,1431700
2012-05-21,635.030029,658.840027,635.000000,657.679993,657.679993,1060200
2012-05-22,659.530029,679.090027,655.739990,660.080017,660.080017,1326900
2012-05-23,657.070007,675.070007,652.609985,673.119995,673.119995,1110200
2012-05-24,676.309998,676.929993,658.710022,668.969971,668.969971,980700
2012-05-25,668.400024,668.969971,652.119995,652.880005,652.880005,678600
2012-05-29,660.010010,666.929993,651.159973,658.039978,658.039978,718500
2012-05-30,650.020020,651.179993,637.619995,637.760010,637.760010,1069000
2012-05-31,637.000000,639.039978,616.909973,625.489990,625.489990,1309000
2012-06-01,608.030029,615.489990,604.650024,610.500000,610.500000,1032200
2012-06-04,614.020020,620.700012,603.489990,616.539978,616.539978,1081300
2012-06-05,615.210022,628.000000,613.429993,619.830017,619.830017,586300
2012-06-06,625.580017,643.000000,623.330017,642.510010,642.510010,1170500
2012-06-07,653.500000,659.169983,634.299988,636.150024,636.150024,1048200
2012-06-08,632.890015,644.799988,628.520020,644.359985,644.359985,816900
2012-06-11,653.739990,657.549988,641.000000,641.710022,641.710022,845200
2012-06-12,645.000000,647.000000,630.770020,646.979980,646.979980,780100
2012-06-13,643.229980,653.530029,641.500000,646.500000,646.500000,768200
2012-06-14,647.109985,647.630005,631.070007,640.320007,640.320007,843600
2012-06-15,642.000000,660.000000,638.219971,659.409973,659.409973,1572300
2012-06-18,656.320007,675.000000,654.000000,673.500000,673.500000,947800
2012-06-19,673.659973,683.369995,670.200012,680.109985,680.109985,915900
2012-06-20,678.690002,679.739990,665.770020,670.820007,670.820007,851100
2012-06-21,672.000000,677.450012,656.500000,657.580017,657.580017,784300
2012-06-22,660.210022,667.219971,655.010010,666.979980,666.979980,759200
2012-06-25,662.190002,663.739990,647.500000,651.650024,651.650024,663600
2012-06-26,653.289978,659.700012,647.140015,656.359985,656.359985,481300
2012-06-27,658.849976,663.070007,648.919983,653.840027,653.840027,632700
2012-06-28,648.299988,649.630005,633.000000,643.479980,643.479980,720500
2012-06-29,657.630005,665.409973,653.510010,664.520020,664.520020,1103400
2012-07-02,665.479980,681.580017,665.010010,680.859985,680.859985,900400
2012-07-03,684.840027,695.150024,683.010010,690.549988,690.549988,690600
2012-07-05,685.969971,693.169983,676.510010,681.650024,681.650024,901500
2012-07-06,674.900024,676.000000,664.119995,671.659973,671.659973,767500
2012-07-09,671.010010,675.000000,661.469971,664.869995,664.869995,692700
2012-07-10,671.200012,672.840027,644.429993,648.650024,648.650024,1019800
2012-07-11,646.070007,659.369995,635.659973,646.659973,646.659973,1127800
2012-07-12,639.000000,643.739990,632.760010,639.080017,639.080017,1029000
2012-07-13,642.049988,646.799988,635.260010,642.950012,642.950012,776000
2012-07-16,639.950012,640.770020,634.570007,637.729980,637.729980,602600
2012-07-17,640.140015,649.849976,636.070007,647.369995,647.369995,669600
2012-07-18,646.609985,657.130005,642.239990,655.679993,655.679993,639500
2012-07-19,659.880005,678.950012,659.450012,672.669983,672.669983,1134300
2012-07-20,670.469971,676.590027,663.500000,673.200012,673.200012,1055000
2012-07-23,659.359985,672.070007,652.500000,669.109985,669.109985,816600
2012-07-24,670.729980,676.650024,663.559998,665.580017,665.580017,654900
2012-07-25,654.440002,655.330017,628.099976,631.039978,631.039978,1400000
2012-07-26,638.909973,639.700012,618.570007,628.320007,628.320007,1285400
2012-07-27,650.049988,685.900024,648.000000,683.989990,683.989990,2400300
2012-07-30,687.039978,692.250000,672.260010,682.539978,682.539978,929500
2012-07-31,680.000000,681.640015,660.869995,661.739990,661.739990,1030900
2012-08-01,666.940002,667.690002,642.299988,642.979980,642.979980,976900
2012-08-02,636.760010,656.469971,634.010010,649.010010,649.010010,981400
2012-08-03,667.760010,673.830017,658.960022,663.989990,663.989990,1056100
2012-08-06,663.000000,674.570007,657.330017,665.119995,665.119995,860400
2012-08-07,673.000000,682.969971,672.760010,679.799988,679.799988,2844200
2012-08-08,575.099976,586.969971,559.750000,562.320007,562.320007,6683700
2012-08-09,563.010010,570.349976,553.419983,562.260010,562.260010,2429800
2012-08-10,562.390015,567.000000,555.950012,563.159973,563.159973,1631900
2012-08-13,564.599976,566.799988,557.109985,562.000000,562.000000,1010000
2012-08-14,563.599976,568.419983,560.640015,564.659973,564.659973,1023700
2012-08-15,564.820007,575.429993,563.000000,575.309998,575.309998,1088600
2012-08-16,577.119995,589.880005,576.679993,586.789978,586.789978,1306600
2012-08-17,588.500000,592.239990,582.609985,588.780029,588.780029,1060400
2012-08-20,585.000000,587.619995,580.000000,586.609985,586.609985,903600
2012-08-21,588.919983,599.849976,579.809998,585.760010,585.760010,1067400
2012-08-22,585.159973,593.309998,583.000000,591.039978,591.039978,637600
2012-08-23,590.869995,597.570007,590.169983,593.530029,593.530029,983700
2012-08-24,591.200012,598.500000,586.640015,593.179993,593.179993,939700
2012-08-27,593.809998,594.950012,587.559998,588.400024,588.400024,516100
2012-08-28,588.000000,591.869995,585.099976,590.119995,590.119995,429600
2012-08-29,591.820007,606.630005,591.020020,603.210022,603.210022,982200
2012-08-30,599.719971,610.280029,599.510010,603.599976,603.599976,786200
2012-08-31,606.469971,610.229980,598.010010,604.570007,604.570007,919200
2012-09-04,604.250000,606.489990,595.000000,596.890015,596.890015,736200
2012-09-05,597.500000,601.719971,594.450012,595.179993,595.179993,480800
2012-09-06,599.570007,609.239990,597.260010,604.000000,604.000000,1055600
2012-09-07,612.500000,622.890015,612.109985,621.549988,621.549988,1627000
2012-09-10,620.969971,624.500000,607.460022,608.320007,608.320007,907700
2012-09-11,608.599976,621.250000,606.109985,617.760010,617.760010,899000
2012-09-12,620.000000,628.489990,615.950012,619.950012,619.950012,641300
2012-09-13,619.950012,629.780029,617.679993,626.929993,626.929993,758100
2012-09-14,628.150024,645.059998,627.840027,637.479980,637.479980,1503000
2012-09-17,636.849976,646.080017,634.609985,643.349976,643.349976,1156900
2012-09-18,640.349976,649.299988,638.049988,640.729980,640.729980,724500
2012-09-19,641.010010,644.169983,636.549988,639.030029,639.030029,529400
2012-09-20,635.690002,635.890015,629.580017,633.770020,633.770020,557300
2012-09-21,640.169983,643.000000,634.609985,636.150024,636.150024,1096700
2012-09-24,631.809998,633.659973,628.150024,631.179993,631.179993,465500
2012-09-25,631.760010,649.000000,631.500000,631.750000,631.750000,947700
2012-09-26,631.119995,636.380005,617.320007,622.090027,622.090027,953300
2012-09-27,625.700012,633.909973,622.419983,630.520020,630.520020,686300
2012-09-28,628.000000,629.299988,617.590027,619.070007,619.070007,914300
2012-10-01,620.739990,626.109985,618.659973,624.859985,624.859985,792300
2012-10-02,627.900024,628.669983,611.440002,616.280029,616.280029,898100
2012-10-03,618.549988,625.299988,614.179993,622.820007,622.820007,607400
2012-10-04,624.960022,637.580017,623.119995,635.039978,635.039978,746000
2012-10-05,638.469971,643.880005,628.190002,631.890015,631.890015,939100
2012-10-08,627.549988,632.929993,622.150024,630.960022,630.960022,486800
2012-10-09,629.760010,634.059998,617.159973,617.890015,617.890015,688000
2012-10-10,619.309998,619.309998,599.710022,602.409973,602.409973,1320800
2012-10-11,610.109985,610.690002,590.659973,598.140015,598.140015,1249300
2012-10-12,589.750000,596.049988,588.900024,593.150024,593.150024,801300
2012-10-15,594.000000,601.799988,585.250000,601.020020,601.020020,624900
2012-10-16,605.039978,608.880005,595.760010,597.770020,597.770020,722200
2012-10-17,597.679993,606.650024,593.619995,598.239990,598.239990,701100
2012-10-18,598.229980,599.099976,570.679993,582.380005,582.380005,1455600
2012-10-19,578.599976,578.609985,555.469971,560.500000,560.500000,2024200
2012-10-22,559.099976,574.549988,557.940002,567.200012,567.200012,851000
2012-10-23,555.000000,575.000000,553.969971,569.039978,569.039978,780000
2012-10-24,573.299988,574.469971,560.400024,563.669983,563.669983,670200
2012-10-25,568.619995,570.710022,556.450012,557.869995,557.869995,1015600
2012-10-26,582.000000,589.440002,572.599976,579.460022,579.460022,1953800
2012-10-31,579.250000,579.330017,569.049988,573.770020,573.770020,774900
2012-11-01,574.900024,586.840027,568.619995,586.099976,586.099976,1275400
2012-11-02,650.059998,657.599976,634.039978,634.739990,634.739990,2513000
2012-11-05,634.799988,635.969971,627.340027,634.789978,634.789978,807600
2012-11-06,636.000000,645.880005,634.000000,644.900024,644.900024,756500
2012-11-07,639.299988,643.000000,628.130005,634.609985,634.609985,785000
2012-11-08,632.349976,640.650024,627.109985,627.869995,627.869995,676400
2012-11-09,618.500000,632.590027,616.039978,625.869995,625.869995,1250800
2012-11-12,629.099976,635.750000,626.000000,633.429993,633.429993,578700
2012-11-13,629.359985,640.929993,628.400024,630.309998,630.309998,555300
2012-11-14,634.030029,635.210022,615.770020,616.400024,616.400024,730400
2012-11-15,614.989990,622.500000,611.549988,617.520020,617.520020,649200
2012-11-16,616.940002,623.690002,611.299988,614.780029,614.780029,883300
2012-11-19,624.539978,629.000000,620.789978,625.500000,625.500000,510000
2012-11-20,627.520020,639.000000,624.690002,635.580017,635.580017,576900
2012-11-21,636.229980,643.489990,634.849976,639.580017,639.580017,364900
2012-11-23,642.030029,643.090027,636.780029,641.909973,641.909973,196700
2012-11-26,640.869995,643.500000,636.559998,639.989990,639.989990,287400
2012-11-27,638.859985,644.919983,633.849976,636.750000,636.750000,444600
2012-11-28,635.919983,659.890015,632.780029,658.049988,658.049988,817200
2012-11-29,661.250000,672.440002,660.000000,665.739990,665.739990,1087600
2012-11-30,663.239990,666.299988,656.659973,663.190002,663.190002,645600
2012-12-03,670.000000,679.229980,665.880005,667.799988,667.799988,879000
2012-12-04,665.500000,668.979980,659.510010,663.809998,663.809998,470200
2012-12-05,664.380005,667.599976,654.130005,664.229980,664.229980,449800
2012-12-06,664.000000,670.359985,658.010010,664.140015,664.140015,447400
2012-12-07,667.000000,672.950012,656.650024,659.099976,659.099976,542600
2012-12-10,645.890015,649.989990,623.099976,625.960022,625.960022,1221800
2012-12-11,631.010010,634.400024,621.090027,623.219971,623.219971,845800
2012-12-12,626.500000,631.979980,623.419983,624.729980,624.729980,690100
2012-12-13,625.510010,628.320007,607.549988,613.080017,613.080017,749400
2012-12-14,610.320007,617.929993,609.429993,613.539978,613.539978,393400
2012-12-17,613.030029,617.900024,606.450012,616.869995,616.869995,538800
2012-12-18,620.299988,634.719971,618.520020,632.739990,632.739990,664900
2012-12-19,632.739990,638.640015,626.000000,627.229980,627.229980,597100
2012-12-20,628.979980,633.849976,622.859985,630.830017,630.830017,309200
2012-12-21,622.630005,625.640015,612.119995,618.880005,618.880005,936900
2012-12-24,614.359985,619.010010,612.250000,617.340027,617.340027,178000
2012-12-26,615.159973,617.460022,600.390015,602.369995,602.369995,489100
2012-12-27,604.429993,612.340027,597.150024,610.030029,610.030029,410900
2012-12-28,606.599976,614.239990,604.099976,608.880005,608.880005,362900
2012-12-31,607.150024,623.000000,601.500000,620.390015,620.390015,584600
2013-01-02,637.830017,641.929993,627.669983,638.400024,638.400024,681000
2013-01-03,652.590027,659.000000,645.869995,648.729980,648.729980,925600
2013-01-04,648.250000,649.869995,642.000000,648.409973,648.409973,404500
2013-01-07,648.000000,659.989990,644.369995,657.380005,657.380005,557200
2013-01-08,657.719971,662.979980,654.299988,657.419983,657.419983,455600
2013-01-09,655.919983,658.229980,650.179993,651.590027,651.590027,306900
2013-01-10,655.239990,657.830017,645.549988,653.619995,653.619995,385600
2013-01-11,653.479980,657.380005,650.349976,655.489990,655.489990,368200
2013-01-14,657.770020,667.869995,657.250000,662.919983,662.919983,523700
2013-01-15,658.380005,665.789978,653.539978,663.349976,663.349976,397900
2013-01-16,661.099976,671.000000,658.250000,667.840027,667.840027,396500
2013-01-17,670.729980,675.299988,661.340027,669.890015,669.890015,547300
2013-01-18,669.969971,677.080017,668.549988,672.719971,672.719971,598600
2013-01-22,671.500000,678.880005,668.510010,671.270020,671.270020,552300
2013-01-23,674.909973,675.989990,668.109985,672.260010,672.260010,365300
2013-01-24,671.840027,681.719971,670.869995,679.549988,679.549988,630600
2013-01-25,682.000000,719.369995,681.049988,718.820007,718.820007,1573100
2013-01-28,718.650024,721.960022,700.400024,704.979980,704.979980,925600
2013-01-29,703.159973,710.580017,694.020020,700.289978,700.289978,528800
2013-01-30,701.900024,705.429993,694.000000,695.090027,695.090027,429000
2013-01-31,675.960022,687.340027,673.719971,685.469971,685.469971,1053800
2013-02-01,693.119995,698.030029,684.679993,685.559998,685.559998,915100
2013-02-04,681.859985,686.010010,678.729980,679.289978,679.289978,507200
2013-02-05,683.890015,697.780029,683.020020,691.570007,691.570007,548600
2013-02-06,693.770020,704.169983,690.000000,694.099976,694.099976,652200
2013-02-07,694.099976,697.460022,679.650024,690.690002,690.690002,444400
2013-02-08,693.549988,702.039978,691.469971,700.830017,700.830017,468400
2013-02-11,699.679993,700.000000,692.159973,696.109985,696.109985,301600
2013-02-12,696.799988,705.770020,695.369995,703.380005,703.380005,487100
2013-02-13,703.000000,708.000000,698.900024,704.169983,704.169983,334000
2013-02-14,699.950012,707.989990,697.659973,705.619995,705.619995,345700
2013-02-15,704.200012,706.229980,698.500000,702.260010,702.260010,669800
2013-02-19,703.159973,707.570007,700.520020,703.469971,703.469971,476700
2013-02-20,705.210022,707.570007,687.640015,688.200012,688.200012,573400
2013-02-21,688.500000,690.559998,675.109985,683.330017,683.330017,1109600
2013-02-22,688.500000,689.900024,680.919983,684.700012,684.700012,543100
2013-02-25,686.940002,692.789978,671.539978,671.539978,671.539978,713300
2013-02-26,671.650024,680.500000,665.049988,678.489990,678.489990,1314600
2013-02-27,709.049988,712.500000,692.000000,695.909973,695.909973,2010300
2013-02-28,696.299988,697.719971,680.690002,689.109985,689.109985,1088200
2013-03-01,689.049988,698.770020,683.679993,695.619995,695.619995,1009200
2013-03-04,694.549988,714.710022,692.469971,714.010010,714.010010,890600
2013-03-05,716.000000,723.049988,715.299988,718.409973,718.409973,708000
2013-03-06,721.070007,728.700012,717.030029,718.900024,718.900024,492100
2013-03-07,722.150024,723.739990,716.530029,719.030029,719.030029,462700
2013-03-08,722.059998,724.299988,716.020020,720.919983,720.919983,470800
2013-03-11,721.010010,725.919983,719.789978,725.070007,725.070007,459700
2013-03-12,723.000000,727.380005,714.559998,722.039978,722.039978,523600
2013-03-13,723.000000,723.729980,714.530029,715.530029,715.530029,376200
2013-03-14,715.400024,717.799988,708.859985,713.150024,713.150024,383400
2013-03-15,711.609985,716.440002,711.059998,713.500000,713.500000,697900
2013-03-18,706.429993,707.619995,694.900024,696.809998,696.809998,597400
2013-03-19,697.530029,702.690002,679.710022,684.150024,684.150024,940600
2013-03-20,689.679993,691.219971,685.530029,687.580017,687.580017,379200
2013-03-21,688.440002,699.489990,683.510010,683.989990,683.989990,537100
2013-03-22,689.359985,697.919983,686.000000,697.909973,697.909973,557500
2013-03-25,700.020020,703.500000,693.299988,695.640015,695.640015,370500
2013-03-26,697.880005,700.000000,693.239990,694.590027,694.590027,278800
2013-03-27,687.599976,695.530029,682.500000,694.859985,694.859985,407200
2013-03-28,694.299988,694.799988,686.010010,688.159973,688.159973,539700
2013-04-01,689.080017,697.919983,686.809998,695.760010,695.760010,578700
2013-04-02,701.489990,706.000000,698.520020,705.909973,705.909973,512300
2013-04-03,706.239990,707.270020,697.109985,698.719971,698.719971,505800
2013-04-04,698.000000,702.130005,689.000000,701.349976,701.349976,469900
2013-04-05,693.219971,697.760010,687.419983,693.309998,693.309998,481200
2013-04-08,691.760010,696.809998,688.099976,696.530029,696.530029,292900
2013-04-09,696.000000,700.710022,690.650024,696.130005,696.130005,321300
2013-04-10,699.049988,719.710022,697.239990,718.940002,718.940002,652100
2013-04-11,720.909973,735.289978,718.719971,733.989990,733.989990,725000
2013-04-12,732.770020,745.239990,722.450012,743.109985,743.109985,972700
2013-04-15,733.450012,735.630005,710.929993,711.380005,711.380005,814400
2013-04-16,719.619995,723.309998,713.479980,720.700012,720.700012,493600
2013-04-17,714.989990,716.020020,702.400024,708.799988,708.799988,606500
2013-04-18,707.070007,707.359985,683.539978,690.010010,690.010010,800400
2013-04-19,686.929993,697.900024,682.309998,683.570007,683.570007,831800
2013-04-22,685.010010,691.590027,677.719971,690.869995,690.869995,520200
2013-04-23,692.750000,707.409973,692.460022,702.349976,702.349976,468000
2013-04-24,702.979980,704.530029,693.719971,700.799988,700.799988,280900
2013-04-25,705.000000,720.500000,703.500000,711.219971,711.219971,561000
2013-04-26,705.929993,710.710022,693.919983,701.190002,701.190002,740000
2013-04-29,704.489990,709.049988,697.059998,699.429993,699.429993,572900
2013-04-30,698.549988,702.729980,693.489990,695.989990,695.989990,484200
2013-05-01,696.559998,700.000000,691.099976,694.059998,694.059998,454300
2013-05-02,693.750000,712.599976,693.750000,707.950012,707.950012,617900
2013-05-03,717.429993,728.539978,716.849976,724.770020,724.770020,662900
2013-05-06,723.500000,730.950012,722.700012,726.710022,726.710022,405900
2013-05-07,730.960022,730.989990,717.900024,725.049988,725.049988,314700
2013-05-08,726.219971,736.000000,726.109985,735.270020,735.270020,461800
2013-05-09,735.000000,744.979980,728.719971,737.500000,737.500000,1053800
2013-05-10,742.000000,769.669983,742.000000,765.409973,765.409973,2110500
2013-05-13,761.000000,779.250000,758.369995,777.440002,777.440002,786200
2013-05-14,776.039978,794.000000,776.039978,791.140015,791.140015,1015500
2013-05-15,790.049988,808.510010,789.950012,805.750000,805.750000,927600
2013-05-16,806.000000,811.479980,797.500000,800.080017,800.080017,898400
2013-05-17,805.030029,814.580017,802.179993,813.659973,813.659973,784100
2013-05-20,825.700012,842.750000,824.190002,842.500000,842.500000,1331200
2013-05-21,842.900024,847.330017,825.059998,825.960022,825.960022,1115800
2013-05-22,803.450012,820.719971,795.309998,798.030029,798.030029,1857200
2013-05-23,789.000000,805.650024,784.320007,803.599976,803.599976,906700
2013-05-24,797.650024,804.179993,795.549988,801.119995,801.119995,437900
2013-05-28,811.799988,819.989990,801.309998,804.330017,804.330017,653300
2013-05-29,796.119995,801.679993,789.450012,792.270020,792.270020,548600
2013-05-30,795.000000,816.400024,792.270020,807.539978,807.539978,1258800
2013-05-31,805.770020,819.979980,802.869995,803.929993,803.929993,826200
2013-06-03,805.150024,805.859985,788.260010,802.619995,802.619995,626800
2013-06-04,800.760010,811.000000,794.049988,798.690002,798.690002,533300
2013-06-05,797.950012,809.000000,795.000000,795.500000,795.500000,539000
2013-06-06,794.849976,806.030029,787.000000,805.900024,805.900024,582700
2013-06-07,810.179993,819.239990,805.109985,816.450012,816.450012,693100
2013-06-10,819.210022,825.000000,815.059998,823.450012,823.450012,524700
2013-06-11,815.320007,821.669983,809.330017,813.419983,813.419983,551200
2013-06-12,821.479980,821.580017,802.669983,807.900024,807.900024,580700
2013-06-13,805.429993,815.890015,803.489990,814.820007,814.820007,460500
2013-06-14,812.599976,817.489990,810.469971,815.750000,815.750000,572400
2013-06-17,822.000000,831.090027,818.599976,825.539978,825.539978,822500
2013-06-18,829.080017,839.450012,826.520020,834.820007,834.820007,634300
2013-06-19,834.000000,839.669983,827.520020,828.549988,828.549988,591300
2013-06-20,822.500000,830.380005,812.450012,815.690002,815.690002,873300
2013-06-21,820.739990,823.859985,805.219971,813.049988,813.049988,1026100
2013-06-24,805.250000,812.000000,791.150024,805.010010,805.010010,869100
2013-06-25,813.679993,817.549988,805.030029,809.570007,809.570007,476300
2013-06-26,815.799988,823.859985,814.450012,819.559998,819.559998,583600
2013-06-27,825.500000,828.059998,819.900024,822.390015,822.390015,533400
2013-06-28,819.729980,830.000000,819.729980,826.669983,826.669983,509400
2013-07-01,832.000000,844.989990,831.109985,840.729980,840.729980,529200
2013-07-02,843.109985,854.599976,838.200012,841.059998,841.059998,453200
2013-07-03,836.479980,847.330017,836.099976,845.400024,845.400024,193800
2013-07-05,850.489990,856.119995,840.000000,855.159973,855.159973,462300
2013-07-08,874.659973,889.400024,872.200012,888.630005,888.630005,1161700
2013-07-09,891.500000,900.400024,880.099976,897.059998,897.059998,908400
2013-07-10,894.429993,897.000000,886.489990,892.320007,892.320007,522100
2013-07-11,900.849976,912.859985,895.599976,910.349976,910.349976,816700
2013-07-12,908.710022,920.919983,907.479980,920.390015,920.390015,663400
2013-07-15,922.500000,926.400024,910.700012,911.659973,911.659973,581200
2013-07-16,915.000000,916.119995,892.140015,902.049988,902.049988,675700
2013-07-17,904.770020,912.799988,900.020020,906.679993,906.679993,538900
2013-07-18,903.400024,904.000000,893.010010,899.599976,899.599976,502100
2013-07-19,900.520020,900.520020,889.000000,896.289978,896.289978,718500
2013-07-22,901.099976,908.000000,898.320007,900.479980,900.479980,469000
2013-07-23,903.200012,906.950012,890.799988,895.789978,895.789978,367600
2013-07-24,901.369995,905.640015,892.099976,894.020020,894.020020,445600
2013-07-25,902.690002,919.390015,900.609985,912.000000,912.000000,957600
2013-07-26,885.659973,907.250000,884.000000,900.080017,900.080017,1020500
2013-07-29,900.590027,904.690002,886.669983,888.109985,888.109985,444800
2013-07-30,894.719971,898.729980,881.000000,886.859985,886.859985,491100
2013-07-31,890.169983,890.169983,875.190002,875.669983,875.669983,654300
2013-08-01,885.739990,906.530029,883.280029,904.349976,904.349976,1007800
2013-08-02,907.239990,913.820007,899.239990,908.359985,908.359985,673800
2013-08-05,914.900024,930.739990,910.260010,928.580017,928.580017,704500
2013-08-06,935.659973,940.000000,923.359985,935.380005,935.380005,934000
2013-08-07,931.789978,932.719971,912.729980,927.580017,927.580017,869600
2013-08-08,936.049988,937.000000,915.929993,933.750000,933.750000,1329400
2013-08-09,992.030029,994.979980,969.450012,969.890015,969.890015,2619700
2013-08-12,966.320007,969.659973,956.900024,958.020020,958.020020,714100
2013-08-13,960.429993,963.369995,948.989990,953.609985,953.609985,670500
2013-08-14,950.229980,958.969971,938.979980,940.000000,940.000000,835700
2013-08-15,935.229980,943.409973,928.799988,938.789978,938.789978,823200
2013-08-16,940.200012,949.000000,937.010010,940.070007,940.070007,820700
2013-08-19,934.000000,947.000000,931.900024,933.130005,933.130005,467000
2013-08-20,933.469971,942.150024,932.619995,932.770020,932.770020,342300
2013-08-21,936.489990,951.000000,932.000000,940.200012,940.200012,537200
2013-08-22,945.289978,954.429993,943.510010,952.150024,952.150024,369200
2013-08-23,956.500000,956.869995,951.099976,954.229980,954.229980,378600
2013-08-26,952.309998,961.239990,948.719971,949.539978,949.539978,342000
2013-08-27,939.650024,944.270020,932.109985,935.599976,935.599976,484600
2013-08-28,935.770020,939.130005,930.820007,934.609985,934.609985,306700
2013-08-29,932.989990,946.890015,932.989990,940.650024,940.650024,331500
2013-08-30,942.000000,946.270020,935.070007,938.530029,938.530029,383100
2013-09-03,949.400024,953.650024,940.840027,942.830017,942.830017,441600
2013-09-04,945.000000,952.619995,937.210022,952.450012,952.450012,444000
2013-09-05,950.909973,962.960022,950.520020,957.799988,957.799988,317800
2013-09-06,962.419983,965.000000,946.510010,959.150024,959.150024,592100
2013-09-09,961.500000,968.440002,959.210022,965.659973,965.659973,391700
2013-09-10,970.750000,979.929993,968.559998,977.500000,977.500000,407500
2013-09-11,977.419983,985.770020,970.840027,981.559998,981.559998,348700
2013-09-12,979.229980,982.130005,968.080017,969.789978,969.789978,310900
2013-09-13,971.700012,971.700012,960.169983,966.820007,966.820007,552700
2013-09-16,979.900024,979.989990,965.890015,967.739990,967.739990,451300
2013-09-17,965.969971,973.419983,962.099976,970.239990,970.239990,279100
2013-09-18,967.260010,1001.000000,967.020020,995.090027,995.090027,671200
2013-09-19,997.479980,1003.309998,989.030029,1000.619995,1000.619995,539700
2013-09-20,1000.799988,1007.150024,998.080017,1003.010010,1003.010010,609800
2013-09-23,1000.000000,1008.500000,986.059998,996.760010,996.760010,445000
2013-09-24,997.729980,1013.630005,989.260010,1005.989990,1005.989990,531200
2013-09-25,1007.400024,1008.770020,996.179993,997.320007,997.320007,335900
2013-09-26,1002.440002,1014.219971,999.479980,1011.609985,1011.609985,378800
2013-09-27,1007.690002,1019.950012,1005.099976,1014.969971,1014.969971,447300
2013-09-30,1008.929993,1017.489990,1003.099976,1010.950012,1010.950012,467900
2013-10-01,1008.020020,1039.310059,1008.020020,1038.270020,1038.270020,598600
2013-10-02,1035.640015,1073.000000,1035.000000,1067.380005,1067.380005,1154700
2013-10-03,1065.619995,1074.890015,1043.310059,1049.310059,1049.310059,726900
2013-10-04,1051.989990,1064.000000,1044.670044,1062.170044,1062.170044,557400
2013-10-07,1061.489990,1061.489990,1040.020020,1041.680054,1041.680054,437400
2013-10-08,1041.790039,1044.630005,983.000000,998.130005,998.130005,1369200
2013-10-09,1001.830017,1001.830017,972.400024,989.030029,989.030029,1054300
2013-10-10,1006.409973,1016.489990,1002.000000,1013.190002,1013.190002,758500
2013-10-11,1013.190002,1028.349976,1005.469971,1010.630005,1010.630005,830800
2013-10-14,1006.559998,1019.489990,993.750000,1017.630005,1017.630005,431800
2013-10-15,1016.150024,1031.880005,1013.000000,1021.510010,1021.510010,474800
2013-10-16,1029.000000,1039.000000,1025.920044,1035.199951,1035.199951,398100
2013-10-17,1031.510010,1042.000000,1025.890015,1032.150024,1032.150024,477100
2013-10-18,1050.000000,1056.020020,1045.020020,1048.250000,1048.250000,925700
2013-10-21,1053.290039,1089.750000,1051.000000,1087.089966,1087.089966,700600
2013-10-22,1094.359985,1098.699951,1057.089966,1075.630005,1075.630005,847800
2013-10-23,1073.479980,1078.060059,1056.030029,1065.969971,1065.969971,484300
2013-10-24,1074.000000,1082.780029,1066.000000,1080.400024,1080.400024,483300
2013-10-25,1086.209961,1088.660034,1067.199951,1070.849976,1070.849976,575500
2013-10-28,1072.459961,1075.000000,1057.000000,1060.150024,1060.150024,371500
2013-10-29,1065.430054,1075.000000,1055.099976,1069.520020,1069.520020,314500
2013-10-30,1074.930054,1078.000000,1058.459961,1068.550049,1068.550049,362500
2013-10-31,1082.000000,1082.000000,1044.000000,1053.829956,1053.829956,668000
2013-11-01,1056.000000,1056.869995,1043.959961,1052.500000,1052.500000,534100
2013-11-04,1057.069946,1071.079956,1047.079956,1070.569946,1070.569946,533800
2013-11-05,1070.569946,1085.390015,1060.000000,1082.229980,1082.229980,517000
2013-11-06,1079.030029,1085.000000,1051.319946,1058.040039,1058.040039,686800
2013-11-07,1056.619995,1062.599976,1020.690002,1022.890015,1022.890015,1328900
2013-11-08,1055.959961,1077.140015,1041.680054,1073.199951,1073.199951,1923900
2013-11-11,1068.449951,1109.500000,1067.109985,1096.500000,1096.500000,896800
2013-11-12,1103.020020,1106.650024,1092.550049,1099.489990,1099.489990,639200
2013-11-13,1097.380005,1125.890015,1095.079956,1124.199951,1124.199951,882000
2013-11-14,1133.000000,1143.260010,1128.930054,1137.439941,1137.439941,589300
2013-11-15,1143.489990,1144.760010,1131.099976,1139.530029,1139.530029,706500
2013-11-18,1139.500000,1145.000000,1120.959961,1127.930054,1127.930054,614900
2013-11-19,1125.020020,1133.770020,1110.000000,1118.420044,1118.420044,539600
2013-11-20,1148.300049,1163.979980,1139.449951,1147.089966,1147.089966,975200
2013-11-21,1157.640015,1163.489990,1151.069946,1159.109985,1159.109985,493500
2013-11-22,1160.000000,1163.250000,1152.829956,1158.989990,1158.989990,369900
2013-11-25,1164.229980,1165.579956,1156.390015,1159.170044,1159.170044,361000
2013-11-26,1162.949951,1182.599976,1155.599976,1177.979980,1177.979980,575400
2013-11-27,1182.400024,1193.469971,1179.010010,1187.189941,1187.189941,437800
2013-11-29,1194.199951,1198.750000,1190.150024,1192.329956,1192.329956,327500
2013-12-02,1196.099976,1196.589966,1179.270020,1188.500000,1188.500000,435500
2013-12-03,1181.160034,1182.900024,1171.119995,1176.479980,1176.479980,483200
2013-12-04,1171.589966,1184.989990,1166.540039,1181.670044,1181.670044,462700
2013-12-05,1180.689941,1180.939941,1169.939941,1174.390015,1174.390015,383700
2013-12-06,1189.000000,1189.000000,1172.760010,1180.400024,1180.400024,417000
2013-12-09,1183.060059,1187.000000,1174.699951,1178.680054,1178.680054,482400
2013-12-10,1178.000000,1192.260010,1175.619995,1188.920044,1188.920044,438700
2013-12-11,1192.589966,1198.500000,1175.099976,1178.109985,1178.109985,581900
2013-12-12,1174.560059,1183.469971,1171.020020,1175.239990,1175.239990,404900
2013-12-13,1182.030029,1182.050049,1169.180054,1171.270020,1171.270020,485300
2013-12-16,1170.599976,1178.660034,1168.000000,1174.250000,1174.250000,430700
2013-12-17,1174.089966,1175.000000,1156.209961,1160.900024,1160.900024,593200
2013-12-18,1161.430054,1188.619995,1145.000000,1187.989990,1187.989990,878400
2013-12-19,1187.900024,1194.000000,1183.719971,1191.569946,1191.569946,602700
2013-12-20,1194.750000,1196.689941,1188.900024,1190.949951,1190.949951,775800
2013-12-23,1194.469971,1194.469971,1180.040039,1187.250000,1187.250000,512500
2013-12-24,1185.579956,1188.400024,1179.800049,1179.900024,1179.900024,254600
2013-12-26,1183.199951,1189.849976,1178.079956,1189.849976,1189.849976,308100
2013-12-27,1191.709961,1191.739990,1168.660034,1170.310059,1170.310059,516200
2013-12-30,1172.349976,1172.349976,1151.000000,1152.890015,1152.890015,645700
2013-12-31,1155.930054,1162.400024,1154.010010,1162.400024,1162.400024,444000
2014-01-02,1159.969971,1161.290039,1140.000000,1145.439941,1145.439941,653300
2014-01-03,1147.000000,1152.689941,1131.439941,1132.680054,1132.680054,622900
2014-01-06,1132.280029,1144.439941,1113.010010,1139.530029,1139.530029,656600
2014-01-07,1146.819946,1165.890015,1142.000000,1163.069946,1163.069946,669400
2014-01-08,1163.989990,1168.099976,1156.510010,1157.500000,1157.500000,508700
2014-01-09,1157.949951,1162.829956,1144.250000,1153.689941,1153.689941,474800
2014-01-10,1156.410034,1156.410034,1142.439941,1148.839966,1148.839966,489700
2014-01-13,1142.569946,1163.479980,1133.640015,1139.719971,1139.719971,612800
2014-01-14,1138.819946,1160.900024,1133.030029,1159.209961,1159.209961,624000
2014-01-15,1160.099976,1174.339966,1160.099976,1172.859985,1172.859985,576400
2014-01-16,1170.520020,1189.989990,1170.520020,1184.650024,1184.650024,786400
2014-01-17,1185.209961,1186.859985,1167.430054,1178.040039,1178.040039,610100
2014-01-21,1181.500000,1206.979980,1176.500000,1205.949951,1205.949951,754700
2014-01-22,1207.989990,1214.189941,1204.469971,1213.290039,1213.290039,632200
2014-01-23,1207.000000,1214.969971,1196.150024,1208.859985,1208.859985,531700
2014-01-24,1195.000000,1203.160034,1172.640015,1179.930054,1179.930054,867000
2014-01-27,1181.069946,1186.989990,1138.219971,1143.239990,1143.239990,1203000
2014-01-28,1154.400024,1168.640015,1150.170044,1162.530029,1162.530029,632500
2014-01-29,1150.000000,1157.699951,1132.969971,1133.790039,1133.790039,684900
2014-01-30,1145.160034,1162.760010,1141.770020,1160.000000,1160.000000,791600
2014-01-31,1143.439941,1161.040039,1139.170044,1144.890015,1144.890015,810700
2014-02-03,1143.829956,1151.089966,1107.250000,1113.489990,1113.489990,736600
2014-02-04,1117.939941,1128.829956,1107.199951,1126.119995,1126.119995,553000
2014-02-05,1123.239990,1133.920044,1103.900024,1124.010010,1124.010010,532300
2014-02-06,1128.420044,1145.510010,1125.989990,1138.339966,1138.339966,452200
2014-02-07,1159.369995,1196.560059,1157.530029,1195.390015,1195.390015,1393400
2014-02-10,1190.989990,1212.000000,1187.040039,1207.819946,1207.819946,584300
2014-02-11,1207.000000,1215.949951,1201.069946,1213.930054,1213.930054,544200
2014-02-12,1222.939941,1249.599976,1213.930054,1246.640015,1246.640015,1145800
2014-02-13,1241.479980,1282.599976,1239.219971,1276.069946,1276.069946,1222300
2014-02-14,1276.079956,1284.699951,1269.150024,1279.979980,1279.979980,906600
2014-02-18,1283.599976,1313.819946,1276.010010,1301.640015,1301.640015,1111300
2014-02-19,1302.000000,1309.000000,1271.189941,1273.760010,1273.760010,1065600
2014-02-20,1284.099976,1286.000000,1254.030029,1283.000000,1283.000000,1719100
2014-02-21,1327.880005,1333.119995,1283.000000,1315.650024,1315.650024,2073200
2014-02-24,1317.000000,1324.000000,1304.130005,1313.670044,1313.670044,825500
2014-02-25,1316.890015,1357.160034,1315.150024,1353.489990,1353.489990,1215200
2014-02-26,1358.520020,1375.410034,1342.000000,1356.939941,1356.939941,1097000
2014-02-27,1357.130005,1363.089966,1350.000000,1357.790039,1357.790039,629800
2014-02-28,1356.849976,1367.050049,1339.420044,1348.839966,1348.839966,926400
2014-03-03,1330.939941,1342.030029,1321.000000,1338.239990,1338.239990,701400
2014-03-04,1349.209961,1369.000000,1347.010010,1368.319946,1368.319946,670900
2014-03-05,1365.969971,1371.229980,1356.500000,1370.430054,1370.430054,476900
2014-03-06,1370.750000,1378.959961,1361.099976,1364.400024,1364.400024,484500
2014-03-07,1372.550049,1373.890015,1354.050049,1358.040039,1358.040039,562500
2014-03-10,1356.930054,1358.839966,1332.800049,1343.439941,1343.439941,630400
2014-03-11,1347.689941,1347.689941,1323.619995,1326.300049,1326.300049,628100
2014-03-12,1322.969971,1338.979980,1315.500000,1332.579956,1332.579956,633900
2014-03-13,1337.989990,1338.140015,1294.630005,1299.729980,1299.729980,967200
2014-03-14,1294.979980,1296.969971,1267.050049,1267.930054,1267.930054,865000
2014-03-17,1273.160034,1308.790039,1267.000000,1287.959961,1287.959961,900600
2014-03-18,1295.180054,1305.390015,1290.699951,1304.430054,1304.430054,566700
2014-03-19,1307.689941,1314.699951,1277.569946,1287.229980,1287.229980,708400
2014-03-20,1285.670044,1300.000000,1272.170044,1292.390015,1292.390015,636200
2014-03-21,1316.989990,1316.989990,1267.640015,1268.839966,1268.839966,1170000
2014-03-24,1275.000000,1275.989990,1211.900024,1227.930054,1227.930054,1436700
2014-03-25,1232.079956,1244.800049,1203.280029,1223.699951,1223.699951,1418700
2014-03-26,1229.569946,1240.000000,1188.569946,1188.770020,1188.770020,1065800
2014-03-27,1188.770020,1191.969971,1156.410034,1182.250000,1182.250000,1630100
2014-03-28,1189.180054,1214.630005,1182.619995,1192.010010,1192.010010,1164800
2014-03-31,1205.459961,1214.569946,1190.260010,1191.890015,1191.890015,776700
2014-04-01,1203.209961,1251.839966,1201.109985,1251.369995,1251.369995,1210600
2014-04-02,1256.189941,1276.739990,1249.510010,1266.660034,1266.660034,1018000
2014-04-03,1265.000000,1265.819946,1224.010010,1237.449951,1237.449951,1061200
2014-04-04,1248.000000,1249.989990,1177.949951,1178.079956,1178.079956,2047200
2014-04-07,1167.500000,1189.859985,1138.000000,1169.729980,1169.729980,1752800
2014-04-08,1175.160034,1196.989990,1168.010010,1187.540039,1187.540039,1303100
2014-04-09,1197.359985,1235.089966,1185.349976,1234.630005,1234.630005,1487500
2014-04-10,1231.719971,1234.849976,1174.079956,1177.300049,1177.300049,1558400
2014-04-11,1160.010010,1177.089966,1147.459961,1156.209961,1156.209961,1610700
2014-04-14,1168.270020,1187.969971,1152.739990,1167.209961,1167.209961,976500
2014-04-15,1171.969971,1182.380005,1141.329956,1169.750000,1169.750000,1028800
2014-04-16,1177.500000,1213.300049,1174.180054,1212.250000,1212.250000,1412500
2014-04-17,1205.739990,1224.619995,1203.000000,1208.359985,1208.359985,1059700
2014-04-21,1212.599976,1224.140015,1204.369995,1221.040039,1221.040039,572100
2014-04-22,1226.770020,1237.150024,1220.150024,1230.000000,1230.000000,669800
2014-04-23,1231.729980,1234.750000,1213.709961,1219.949951,1219.949951,581900
2014-04-24,1232.000000,1235.449951,1203.709961,1217.030029,1217.030029,611300
2014-04-25,1212.000000,1212.000000,1154.000000,1157.239990,1157.239990,1395900
2014-04-28,1158.000000,1158.989990,1107.270020,1139.719971,1139.719971,1538900
2014-04-29,1147.579956,1165.000000,1133.199951,1154.839966,1154.839966,788000
2014-04-30,1145.219971,1159.939941,1137.770020,1157.750000,1157.750000,621700
2014-05-01,1163.920044,1193.780029,1156.390015,1180.599976,1180.599976,929400
2014-05-02,1188.579956,1196.189941,1170.520020,1179.930054,1179.930054,692400
2014-05-05,1170.150024,1193.439941,1160.020020,1191.609985,1191.609985,493600
2014-05-06,1190.219971,1191.540039,1166.569946,1168.359985,1168.359985,600600
2014-05-07,1173.010010,1174.000000,1124.410034,1131.739990,1131.739990,1155100
2014-05-08,1096.609985,1152.979980,1087.260010,1108.000000,1108.000000,2618500
2014-05-09,1115.609985,1138.459961,1111.520020,1135.910034,1135.910034,1192700
2014-05-12,1143.969971,1165.890015,1143.010010,1163.319946,1163.319946,777600
2014-05-13,1163.589966,1172.000000,1157.489990,1159.910034,1159.910034,593800
2014-05-14,1158.569946,1166.520020,1141.160034,1145.810059,1145.810059,638400
2014-05-15,1142.949951,1143.000000,1118.140015,1136.250000,1136.250000,859200
2014-05-16,1136.270020,1139.000000,1121.359985,1137.160034,1137.160034,790700
2014-05-19,1131.770020,1162.349976,1128.930054,1158.790039,1158.790039,777900
2014-05-20,1161.410034,1166.619995,1143.530029,1150.280029,1150.280029,636500
2014-05-21,1158.599976,1177.880005,1149.319946,1177.439941,1177.439941,686300
2014-05-22,1177.000000,1186.000000,1171.949951,1178.060059,1178.060059,560200
2014-05-23,1179.099976,1197.479980,1175.209961,1197.119995,1197.119995,527400
2014-05-27,1206.160034,1259.839966,1206.160034,1259.109985,1259.109985,1348700
2014-05-28,1256.500000,1275.000000,1246.050049,1270.020020,1270.020020,894800
2014-05-29,1270.739990,1292.660034,1266.000000,1291.729980,1291.729980,810500
2014-05-30,1292.329956,1292.329956,1269.050049,1278.630005,1278.630005,906100
2014-06-02,1281.000000,1286.000000,1260.239990,1278.800049,1278.800049,519600
2014-06-03,1271.489990,1273.619995,1256.250000,1265.510010,1265.510010,625800
2014-06-04,1261.000000,1262.000000,1244.650024,1245.969971,1245.969971,674700
2014-06-05,1252.369995,1259.949951,1245.630005,1247.959961,1247.959961,686500
2014-06-06,1254.400024,1258.160034,1234.099976,1238.079956,1238.079956,631800
2014-06-09,1241.050049,1250.000000,1228.630005,1229.920044,1229.920044,590700
2014-06-10,1230.010010,1240.890015,1218.959961,1222.880005,1222.880005,588200
2014-06-11,1214.000000,1250.089966,1213.040039,1248.719971,1248.719971,747800
2014-06-12,1249.319946,1264.800049,1222.000000,1226.000000,1226.000000,965800
2014-06-13,1224.930054,1234.969971,1186.640015,1189.300049,1189.300049,1730000
2014-06-16,1191.380005,1209.550049,1183.000000,1202.479980,1202.479980,751500
2014-06-17,1202.550049,1213.229980,1187.000000,1196.510010,1196.510010,687500
2014-06-18,1200.349976,1218.599976,1187.920044,1216.880005,1216.880005,722000
2014-06-19,1220.819946,1221.020020,1199.520020,1206.829956,1206.829956,580300
2014-06-20,1209.140015,1214.989990,1196.010010,1203.170044,1203.170044,902200
2014-06-23,1200.119995,1208.410034,1195.030029,1205.599976,1205.599976,421200
2014-06-24,1207.000000,1222.589966,1199.000000,1204.729980,1204.729980,764900
2014-06-25,1201.530029,1224.579956,1199.000000,1221.449951,1221.449951,592200
2014-06-26,1228.260010,1230.079956,1213.729980,1217.699951,1217.699951,555200
2014-06-27,1211.010010,1221.949951,1205.469971,1205.469971,1205.469971,566800
2014-06-30,1205.209961,1215.010010,1202.500000,1203.000000,1203.000000,578600
2014-07-01,1217.699951,1249.000000,1216.750000,1246.770020,1246.770020,1005000
2014-07-02,1251.130005,1252.609985,1233.349976,1237.839966,1237.839966,617600
2014-07-03,1246.040039,1247.439941,1238.069946,1243.119995,1243.119995,328500
2014-07-07,1242.599976,1264.500000,1239.380005,1252.400024,1252.400024,685700
2014-07-08,1241.880005,1247.430054,1208.170044,1225.229980,1225.229980,1112300
2014-07-09,1231.500000,1240.089966,1225.119995,1236.369995,1236.369995,752500
2014-07-10,1211.849976,1226.479980,1209.050049,1216.130005,1216.130005,765500
2014-07-11,1222.640015,1223.579956,1211.829956,1214.920044,1214.920044,609900
2014-07-14,1221.500000,1236.000000,1215.510010,1228.489990,1228.489990,590100
2014-07-15,1231.199951,1238.760010,1219.160034,1231.000000,1231.000000,622900
2014-07-16,1241.709961,1243.260010,1223.000000,1223.650024,1223.650024,577300
2014-07-17,1218.520020,1229.000000,1197.010010,1201.369995,1201.369995,932700
2014-07-18,1206.150024,1212.890015,1199.890015,1212.780029,1212.780029,795500
2014-07-21,1211.550049,1217.939941,1203.050049,1215.920044,1215.920044,535800
2014-07-22,1223.829956,1232.750000,1216.800049,1230.660034,1230.660034,571900
2014-07-23,1228.599976,1242.400024,1228.599976,1238.680054,1238.680054,516700
2014-07-24,1234.339966,1247.310059,1228.270020,1236.729980,1236.729980,621800
2014-07-25,1235.650024,1239.349976,1224.280029,1227.780029,1227.780029,662600
2014-07-28,1228.000000,1242.880005,1223.729980,1239.290039,1239.290039,446400
2014-07-29,1245.689941,1255.839966,1242.349976,1246.609985,1246.609985,701300
2014-07-30,1253.819946,1258.510010,1249.920044,1255.949951,1255.949951,625700
2014-07-31,1248.520020,1254.969971,1236.469971,1242.449951,1242.449951,822000
2014-08-01,1247.000000,1255.630005,1236.660034,1245.900024,1245.900024,805900
2014-08-04,1247.550049,1307.089966,1246.530029,1299.920044,1299.920044,1367600
2014-08-05,1295.380005,1306.780029,1269.540039,1281.209961,1281.209961,953400
2014-08-06,1275.000000,1296.640015,1268.510010,1280.569946,1280.569946,661900
2014-08-07,1303.109985,1303.630005,1279.400024,1285.109985,1285.109985,675000
2014-08-08,1289.609985,1289.930054,1271.540039,1281.560059,1281.560059,1029600
2014-08-11,1281.849976,1329.900024,1274.550049,1309.280029,1309.280029,2051200
2014-08-12,1312.209961,1320.920044,1288.119995,1294.359985,1294.359985,794200
2014-08-13,1302.420044,1302.969971,1284.199951,1293.750000,1293.750000,728200
2014-08-14,1299.969971,1301.449951,1284.060059,1284.810059,1284.810059,713800
2014-08-15,1293.619995,1293.619995,1266.520020,1270.119995,1270.119995,1335800
2014-08-18,1274.569946,1288.270020,1273.520020,1276.180054,1276.180054,602400
2014-08-19,1281.260010,1281.260010,1268.170044,1271.780029,1271.780029,422300
2014-08-20,1274.400024,1276.000000,1267.979980,1273.369995,1273.369995,358900
2014-08-21,1273.369995,1275.349976,1264.260010,1265.050049,1265.050049,402500
2014-08-22,1268.489990,1277.930054,1260.380005,1277.500000,1277.500000,601100
2014-08-25,1286.810059,1293.969971,1275.849976,1277.010010,1277.010010,570600
2014-08-26,1280.439941,1286.660034,1270.270020,1277.520020,1277.520020,409800
2014-08-27,1277.239990,1281.839966,1259.589966,1260.770020,1260.770020,567800
2014-08-28,1255.510010,1260.109985,1248.699951,1250.709961,1250.709961,480000
2014-08-29,1255.239990,1255.849976,1241.619995,1244.310059,1244.310059,532700
2014-09-02,1247.699951,1257.760010,1244.050049,1254.900024,1254.900024,681700
2014-09-03,1262.949951,1262.949951,1232.660034,1234.400024,1234.400024,779300
2014-09-04,1242.380005,1243.900024,1216.000000,1220.760010,1220.760010,967100
2014-09-05,1210.000000,1211.400024,1182.359985,1195.020020,1195.020020,1705300
2014-09-08,1190.329956,1201.550049,1178.729980,1198.859985,1198.859985,966500
2014-09-09,1198.589966,1200.000000,1173.699951,1177.079956,1177.079956,870500
2014-09-10,1176.989990,1189.390015,1173.609985,1188.640015,1188.640015,685400
2014-09-11,1183.619995,1186.790039,1170.150024,1176.849976,1176.849976,619200
2014-09-12,1175.520020,1177.890015,1161.750000,1163.939941,1163.939941,791900
2014-09-15,1161.160034,1161.500000,1139.270020,1153.589966,1153.589966,829000
2014-09-16,1149.890015,1179.560059,1149.310059,1172.920044,1172.920044,810000
2014-09-17,1174.189941,1184.760010,1162.819946,1173.800049,1173.800049,644500
2014-09-18,1179.400024,1198.489990,1175.709961,1197.199951,1197.199951,871800
2014-09-19,1205.000000,1205.500000,1185.500000,1186.119995,1186.119995,841000
2014-09-22,1181.329956,1181.329956,1154.150024,1165.790039,1165.790039,679200
2014-09-23,1163.400024,1177.500000,1160.300049,1166.349976,1166.349976,651700
2014-09-24,1169.739990,1183.869995,1157.150024,1182.020020,1182.020020,564700
2014-09-25,1181.430054,1182.560059,1159.329956,1164.030029,1164.030029,752700
2014-09-26,1166.670044,1175.420044,1161.010010,1174.439941,1174.439941,689000
2014-09-29,1162.520020,1164.400024,1142.260010,1161.050049,1161.050049,861200
2014-09-30,1164.500000,1169.099976,1152.280029,1158.579956,1158.579956,661500
2014-10-01,1154.290039,1154.750000,1131.310059,1137.660034,1137.660034,958800
2014-10-02,1140.000000,1146.630005,1119.050049,1139.910034,1139.910034,797800
2014-10-03,1145.000000,1152.550049,1140.000000,1141.459961,1141.459961,616900
2014-10-06,1141.000000,1141.339966,1116.410034,1119.819946,1119.819946,964400
2014-10-07,1114.479980,1129.989990,1106.459961,1109.150024,1109.150024,977400
2014-10-08,1110.510010,1127.859985,1098.209961,1126.920044,1126.920044,1046100
2014-10-09,1120.180054,1122.619995,1099.010010,1102.189941,1102.189941,1068500
2014-10-10,1094.800049,1103.479980,1062.569946,1063.660034,1063.660034,1529100
2014-10-13,1063.410034,1072.880005,1017.280029,1040.699951,1040.699951,1867500
2014-10-14,1050.209961,1061.000000,1041.709961,1050.449951,1050.449951,1208600
2014-10-15,1031.329956,1060.989990,1022.330017,1058.750000,1058.750000,1610700
2014-10-16,1044.670044,1073.760010,1042.229980,1073.189941,1073.189941,1059400
2014-10-17,1090.170044,1094.500000,1073.020020,1077.270020,1077.270020,901500
2014-10-20,1076.520020,1104.439941,1074.729980,1103.069946,1103.069946,589700
2014-10-21,1107.160034,1136.849976,1107.010010,1132.969971,1132.969971,737800
2014-10-22,1134.839966,1136.630005,1109.709961,1114.449951,1114.449951,595500
2014-10-23,1125.119995,1141.430054,1120.900024,1130.979980,1130.979980,709000
2014-10-24,1130.819946,1140.810059,1123.709961,1138.430054,1138.430054,538700
2014-10-27,1138.000000,1143.979980,1129.640015,1134.260010,1134.260010,377300
2014-10-28,1135.040039,1156.869995,1133.709961,1156.619995,1156.619995,501000
2014-10-29,1156.459961,1159.000000,1143.050049,1144.219971,1144.219971,543800
2014-10-30,1142.920044,1154.489990,1132.449951,1146.589966,1146.589966,542900
2014-10-31,1175.579956,1206.829956,1172.510010,1206.209961,1206.209961,1472100
2014-11-03,1211.689941,1229.000000,1197.000000,1198.520020,1198.520020,1101800
2014-11-04,1113.119995,1126.229980,1081.390015,1097.699951,1097.699951,3357200
2014-11-05,1103.000000,1116.000000,1086.160034,1095.339966,1095.339966,1165000
2014-11-06,1096.979980,1100.290039,1082.800049,1097.750000,1097.750000,741200
2014-11-07,1094.349976,1100.579956,1088.910034,1094.609985,1094.609985,611300
2014-11-10,1092.890015,1120.699951,1092.849976,1120.020020,1120.020020,882800
2014-11-11,1123.099976,1168.680054,1122.750000,1167.359985,1167.359985,1389700
2014-11-12,1163.989990,1178.390015,1154.369995,1161.000000,1161.000000,820200
2014-11-13,1165.199951,1174.000000,1156.449951,1168.010010,1168.010010,709100
2014-11-14,1170.640015,1175.050049,1163.319946,1172.959961,1172.959961,601300
2014-11-17,1169.959961,1171.819946,1148.819946,1166.410034,1166.410034,711900
2014-11-18,1164.989990,1175.000000,1158.599976,1166.829956,1166.829956,551800
2014-11-19,1162.099976,1167.420044,1151.550049,1156.650024,1156.650024,542500
2014-11-20,1149.619995,1162.989990,1148.270020,1153.880005,1153.880005,449500
2014-11-21,1166.910034,1166.910034,1149.430054,1151.459961,1151.459961,787800
2014-11-24,1157.520020,1161.500000,1151.449951,1160.140015,1160.140015,413400
2014-11-25,1160.000000,1182.310059,1159.010010,1179.170044,1179.170044,655200
2014-11-26,1176.949951,1179.900024,1161.819946,1166.829956,1166.829956,626800
2014-11-28,1171.550049,1171.550049,1158.390015,1160.189941,1160.189941,287700
2014-12-01,1158.140015,1164.949951,1139.630005,1153.199951,1153.199951,740400
2014-12-02,1144.849976,1147.729980,1131.020020,1139.359985,1139.359985,885600
2014-12-03,1138.689941,1141.000000,1126.500000,1130.170044,1130.170044,654100
2014-12-04,1126.339966,1146.569946,1125.310059,1140.109985,1140.109985,735300
2014-12-05,1141.119995,1142.890015,1130.939941,1135.969971,1135.969971,769600
2014-12-08,1131.849976,1149.089966,1131.849976,1135.680054,1135.680054,592200
2014-12-09,1128.000000,1136.119995,1112.780029,1135.180054,1135.180054,678000
2014-12-10,1131.810059,1136.680054,1112.099976,1115.520020,1115.520020,671300
2014-12-11,1119.390015,1127.329956,1111.709961,1114.270020,1114.270020,546500
2014-12-12,1108.630005,1119.819946,1103.520020,1103.989990,1103.989990,672000
2014-12-15,1107.099976,1111.670044,1076.849976,1078.640015,1078.640015,888600
2014-12-16,1067.550049,1073.290039,1045.250000,1045.839966,1045.839966,1110100
2014-12-17,1050.400024,1077.849976,1043.020020,1075.339966,1075.339966,890100
2014-12-18,1088.920044,1108.989990,1088.150024,1104.579956,1104.579956,1230300
2014-12-19,1110.449951,1114.069946,1097.089966,1109.449951,1109.449951,1008400
2014-12-22,1111.010010,1152.400024,1110.719971,1149.380005,1149.380005,910200
2014-12-23,1155.640015,1158.560059,1140.930054,1147.609985,1147.609985,584500
2014-12-24,1148.000000,1152.400024,1143.040039,1149.780029,1149.780029,166500
2014-12-26,1152.430054,1160.439941,1150.109985,1156.219971,1156.219971,281200
2014-12-29,1154.640015,1169.609985,1150.560059,1160.040039,1160.040039,472600
2014-12-30,1155.489990,1161.119995,1144.060059,1148.650024,1148.650024,357800
2014-12-31,1150.930054,1154.000000,1140.209961,1140.209961,1140.209961,482500
2015-01-02,1144.000000,1149.439941,1131.510010,1142.060059,1142.060059,509300
2015-01-05,1138.369995,1138.369995,1090.739990,1097.579956,1097.579956,1051300
2015-01-06,1103.410034,1103.979980,1072.500000,1079.959961,1079.959961,1081500
2015-01-07,1090.770020,1092.069946,1058.569946,1069.569946,1069.569946,955000
2015-01-08,1056.949951,1083.170044,1047.119995,1082.849976,1082.849976,1045800
2015-01-09,1083.500000,1085.089966,1051.640015,1051.959961,1051.959961,974400
2015-01-12,1054.689941,1054.689941,1021.010010,1039.979980,1039.979980,1078500
2015-01-13,1052.449951,1067.020020,1027.800049,1037.819946,1037.819946,871100
2015-01-14,1026.150024,1039.660034,1022.010010,1035.670044,1035.670044,755700
2015-01-15,1041.060059,1042.500000,995.679993,998.250000,998.250000,1451700
2015-01-16,997.010010,1012.309998,990.690002,1008.219971,1008.219971,1004800
2015-01-20,1016.450012,1028.010010,999.000000,1024.949951,1024.949951,700300
2015-01-21,1024.000000,1049.550049,1020.000000,1045.530029,1045.530029,732400
2015-01-22,1048.500000,1053.000000,1036.060059,1049.680054,1049.680054,913400
2015-01-23,1047.949951,1047.949951,1033.280029,1037.989990,1037.989990,700400
2015-01-26,1036.119995,1043.819946,1028.219971,1041.859985,1041.859985,507500
2015-01-27,1029.729980,1029.969971,1003.179993,1013.859985,1013.859985,942000
2015-01-28,1024.030029,1024.410034,1001.940002,1003.250000,1003.250000,571300
2015-01-29,1007.789978,1015.510010,992.130005,1014.739990,1014.739990,760500
2015-01-30,1011.739990,1022.200012,1008.409973,1009.479980,1009.479980,928400
2015-02-02,1012.000000,1015.000000,993.500000,1013.030029,1013.030029,655300
2015-02-03,1019.690002,1039.989990,1012.359985,1037.550049,1037.550049,870600
2015-02-04,1036.000000,1041.859985,1026.339966,1028.280029,1028.280029,557900
2015-02-05,1033.520020,1049.439941,1031.300049,1044.599976,1044.599976,660300
2015-02-06,1027.560059,1030.020020,1007.109985,1022.419983,1022.419983,1307400
2015-02-09,1020.650024,1039.359985,1014.150024,1033.150024,1033.150024,492700
2015-02-10,1040.800049,1060.800049,1039.430054,1057.619995,1057.619995,657600
2015-02-11,1064.239990,1067.930054,1051.050049,1060.060059,1060.060059,515700
2015-02-12,1077.209961,1102.260010,1075.719971,1091.949951,1091.949951,1199100
2015-02-13,1100.150024,1108.500000,1094.589966,1103.369995,1103.369995,814400
2015-02-17,1115.000000,1130.920044,1114.010010,1120.989990,1120.989990,900800
2015-02-18,1116.439941,1129.979980,1112.000000,1122.989990,1122.989990,819800
2015-02-19,1219.000000,1222.880005,1195.359985,1218.050049,1218.050049,2671500
2015-02-20,1217.000000,1230.089966,1214.760010,1216.229980,1216.229980,1296800
2015-02-23,1210.469971,1216.500000,1202.829956,1207.579956,1207.579956,869400
2015-02-24,1204.099976,1220.359985,1201.099976,1219.790039,1219.790039,603500
2015-02-25,1219.140015,1259.859985,1217.959961,1250.859985,1250.859985,1615900
2015-02-26,1248.979980,1264.000000,1238.969971,1241.250000,1241.250000,935400
2015-02-27,1240.750000,1246.390015,1235.119995,1237.479980,1237.479980,645400
2015-03-02,1237.750000,1262.000000,1232.030029,1249.400024,1249.400024,691500
2015-03-03,1245.000000,1254.640015,1238.000000,1242.030029,1242.030029,510900
2015-03-04,1233.500000,1238.760010,1223.719971,1225.670044,1225.670044,777700
2015-03-05,1225.300049,1242.000000,1224.540039,1231.900024,1231.900024,502100
2015-03-06,1221.709961,1228.380005,1213.000000,1215.989990,1215.989990,695500
2015-03-09,1215.189941,1220.890015,1202.000000,1217.000000,1217.000000,563800
2015-03-10,1202.000000,1203.989990,1186.689941,1191.089966,1191.089966,788800
2015-03-11,1192.540039,1195.369995,1174.000000,1177.550049,1177.550049,706100
2015-03-12,1186.930054,1194.550049,1176.000000,1186.599976,1186.599976,521800
2015-03-13,1186.150024,1188.069946,1154.800049,1157.770020,1157.770020,813400
2015-03-16,1163.119995,1166.880005,1151.000000,1158.439941,1158.439941,619800
2015-03-17,1152.310059,1163.420044,1144.119995,1153.569946,1153.569946,554600
2015-03-18,1153.000000,1185.949951,1147.959961,1181.689941,1181.689941,888800
2015-03-19,1176.239990,1179.000000,1165.000000,1176.319946,1176.319946,475600
2015-03-20,1190.380005,1194.489990,1179.170044,1179.170044,1179.170044,726200
2015-03-23,1176.250000,1190.000000,1175.510010,1181.180054,1181.180054,460400
2015-03-24,1176.140015,1184.219971,1168.380005,1169.719971,1169.719971,398100
2015-03-25,1172.750000,1177.010010,1150.630005,1152.699951,1152.699951,507100
2015-03-26,1144.500000,1153.459961,1137.770020,1140.359985,1140.359985,524300
2015-03-27,1141.239990,1144.099976,1130.859985,1135.189941,1135.189941,446500
2015-03-30,1143.349976,1155.869995,1142.000000,1149.829956,1149.829956,470100
2015-03-31,1161.750000,1176.719971,1160.500000,1164.150024,1164.150024,1011700
2015-04-01,1164.000000,1168.000000,1146.500000,1149.599976,1149.599976,622800
2015-04-02,1149.150024,1164.800049,1146.189941,1160.439941,1160.439941,541100
2015-04-06,1158.829956,1194.459961,1154.099976,1185.010010,1185.010010,688200
2015-04-07,1190.079956,1195.000000,1183.930054,1184.979980,1184.979980,383000
2015-04-08,1183.189941,1195.000000,1180.670044,1192.250000,1192.250000,341900
2015-04-09,1194.349976,1199.000000,1181.010010,1186.000000,1186.000000,434900
2015-04-10,1187.459961,1192.400024,1181.000000,1189.500000,1189.500000,361600
2015-04-13,1188.839966,1209.910034,1188.020020,1199.750000,1199.750000,484400
2015-04-14,1196.760010,1204.949951,1182.479980,1204.709961,1204.709961,453700
2015-04-15,1206.000000,1210.260010,1199.109985,1200.949951,1200.949951,402500
2015-04-16,1200.069946,1213.310059,1199.069946,1206.089966,1206.089966,518500
2015-04-17,1194.500000,1200.089966,1186.810059,1187.530029,1187.530029,598100
2015-04-20,1191.000000,1201.750000,1187.000000,1191.420044,1191.420044,473800
2015-04-21,1195.900024,1200.589966,1191.540039,1194.260010,1194.260010,360400
2015-04-22,1198.849976,1219.599976,1192.410034,1212.900024,1212.900024,433700
2015-04-23,1209.000000,1222.949951,1207.650024,1221.099976,1221.099976,463700
2015-04-24,1229.459961,1235.000000,1227.609985,1233.089966,1233.089966,599300
2015-04-27,1235.369995,1262.239990,1235.069946,1253.199951,1253.199951,650600
2015-04-28,1250.000000,1253.839966,1238.930054,1242.119995,1242.119995,454900
2015-04-29,1235.000000,1255.329956,1234.599976,1248.510010,1248.510010,533000
2015-04-30,1247.750000,1255.270020,1231.530029,1237.810059,1237.810059,581200
2015-05-01,1249.150024,1260.890015,1244.000000,1260.430054,1260.430054,880200
2015-05-04,1263.890015,1280.969971,1261.000000,1267.459961,1267.459961,570900
2015-05-05,1262.000000,1273.260010,1252.709961,1263.319946,1263.319946,732100
2015-05-06,1270.550049,1279.849976,1257.459961,1264.150024,1264.150024,1203400
2015-05-07,1224.250000,1227.890015,1182.020020,1213.489990,1213.489990,2162800
2015-05-08,1223.150024,1224.599976,1202.890015,1204.760010,1204.760010,796800
2015-05-11,1200.069946,1209.430054,1183.040039,1186.380005,1186.380005,685900
2015-05-12,1178.400024,1187.270020,1167.489990,1183.469971,1183.469971,687200
2015-05-13,1181.310059,1192.699951,1177.489990,1177.750000,1177.750000,562600
2015-05-14,1188.689941,1192.400024,1177.069946,1190.089966,1190.089966,506500
2015-05-15,1193.140015,1205.750000,1189.040039,1198.800049,1198.800049,704200
2015-05-18,1195.349976,1219.280029,1195.349976,1216.839966,1216.839966,596300
2015-05-19,1214.000000,1221.849976,1204.020020,1213.660034,1213.660034,538800
2015-05-20,1210.239990,1213.550049,1203.900024,1208.180054,1208.180054,519500
2015-05-21,1206.010010,1218.540039,1204.000000,1212.630005,1212.630005,323300
2015-05-22,1213.650024,1218.250000,1207.260010,1208.500000,1208.500000,410000
2015-05-26,1206.770020,1211.930054,1194.109985,1195.780029,1195.780029,611100
2015-05-27,1196.219971,1203.369995,1194.000000,1197.760010,1197.760010,555700
2015-05-28,1197.239990,1201.410034,1187.160034,1190.550049,1190.550049,394500
2015-05-29,1190.589966,1191.849976,1166.270020,1172.040039,1172.040039,843100
2015-06-01,1174.000000,1177.459961,1164.079956,1166.660034,1166.660034,662200
2015-06-02,1162.140015,1201.439941,1161.560059,1196.020020,1196.020020,1035100
2015-06-03,1196.290039,1201.069946,1186.010010,1193.709961,1193.709961,691600
2015-06-04,1183.890015,1197.550049,1182.859985,1185.739990,1185.739990,495600
2015-06-05,1183.300049,1187.579956,1176.280029,1178.160034,1178.160034,421700
2015-06-08,1179.119995,1182.000000,1162.089966,1164.050049,1164.050049,554500
2015-06-09,1160.839966,1168.000000,1157.140015,1163.270020,1163.270020,478600
2015-06-10,1170.000000,1185.810059,1164.339966,1179.939941,1179.939941,549800
2015-06-11,1183.400024,1188.449951,1177.930054,1181.930054,1181.930054,365500
2015-06-12,1183.400024,1183.400024,1171.000000,1174.170044,1174.170044,354200
2015-06-15,1167.000000,1178.599976,1158.619995,1175.359985,1175.359985,461400
2015-06-16,1171.199951,1180.619995,1168.219971,1176.199951,1176.199951,407100
2015-06-17,1177.949951,1182.900024,1163.189941,1163.569946,1163.569946,556100
2015-06-18,1169.319946,1176.790039,1163.829956,1173.959961,1173.959961,596900
2015-06-19,1170.430054,1173.469971,1158.010010,1158.459961,1158.459961,566800
2015-06-22,1161.270020,1162.079956,1143.829956,1150.390015,1150.390015,686700
2015-06-23,1154.180054,1159.569946,1146.020020,1155.949951,1155.949951,428700
2015-06-24,1157.770020,1158.770020,1147.280029,1154.920044,1154.920044,384200
2015-06-25,1158.000000,1160.900024,1148.650024,1149.189941,1149.189941,334700
2015-06-26,1151.969971,1153.000000,1135.739990,1140.900024,1140.900024,611700
2015-06-29,1128.000000,1136.000000,1103.449951,1107.729980,1107.729980,707600
2015-06-30,1120.900024,1152.160034,1119.319946,1151.369995,1151.369995,1082600
2015-07-01,1160.000000,1174.670044,1146.829956,1150.349976,1150.349976,621100
2015-07-02,1152.859985,1154.589966,1142.000000,1143.069946,1143.069946,396700
2015-07-06,1134.150024,1153.390015,1134.000000,1141.430054,1141.430054,464000
2015-07-07,1145.619995,1146.280029,1119.260010,1145.010010,1145.010010,563800
2015-07-08,1133.609985,1141.800049,1115.770020,1116.939941,1116.939941,806000
2015-07-09,1133.439941,1141.339966,1125.000000,1126.069946,1126.069946,638000
2015-07-10,1141.260010,1144.000000,1133.000000,1143.189941,1143.189941,533300
2015-07-13,1151.140015,1173.640015,1148.709961,1171.390015,1171.390015,627500
2015-07-14,1172.500000,1183.420044,1169.069946,1171.430054,1171.430054,323000
2015-07-15,1169.000000,1177.939941,1164.949951,1167.540039,1167.540039,324600
2015-07-16,1178.849976,1184.780029,1174.000000,1182.989990,1182.989990,275500
2015-07-17,1194.979980,1220.000000,1193.000000,1216.000000,1216.000000,938300
2015-07-20,1220.430054,1264.989990,1220.060059,1247.910034,1247.910034,886800
2015-07-21,1249.000000,1250.780029,1229.569946,1235.199951,1235.199951,563500
2015-07-22,1239.520020,1242.000000,1228.020020,1233.969971,1233.969971,360500
2015-07-23,1234.050049,1238.459961,1222.300049,1228.959961,1228.959961,428700
2015-07-24,1215.020020,1218.770020,1189.500000,1197.420044,1197.420044,988600
2015-07-27,1193.800049,1205.500000,1183.150024,1186.079956,1186.079956,562400
2015-07-28,1196.300049,1214.630005,1187.489990,1208.089966,1208.089966,452200
2015-07-29,1203.020020,1221.810059,1194.949951,1219.430054,1219.430054,470700
2015-07-30,1222.000000,1227.099976,1207.640015,1222.060059,1222.060059,523900
2015-07-31,1245.089966,1254.880005,1241.630005,1243.569946,1243.569946,797200
2015-08-03,1249.890015,1249.930054,1225.000000,1240.479980,1240.479980,588400
2015-08-04,1242.310059,1286.540039,1240.530029,1283.989990,1283.989990,1242400
2015-08-05,1382.609985,1395.000000,1325.099976,1351.209961,1351.209961,2106200
2015-08-06,1351.500000,1372.329956,1340.099976,1351.800049,1351.800049,868800
2015-08-07,1350.550049,1350.949951,1314.609985,1317.349976,1317.349976,705900
2015-08-10,1327.000000,1334.000000,1318.020020,1323.750000,1323.750000,548900
2015-08-11,1315.900024,1322.599976,1299.239990,1307.869995,1307.869995,513400
2015-08-12,1298.609985,1299.489990,1282.520020,1294.709961,1294.709961,770000
2015-08-13,1301.689941,1307.000000,1284.530029,1285.469971,1285.469971,411100
2015-08-14,1283.280029,1287.989990,1276.000000,1283.800049,1283.800049,610000
2015-08-17,1277.099976,1308.000000,1276.189941,1306.560059,1306.560059,518700
2015-08-18,1291.079956,1309.050049,1288.130005,1291.829956,1291.829956,426200
2015-08-19,1284.319946,1305.000000,1281.000000,1291.349976,1291.349976,471200
2015-08-20,1288.199951,1289.510010,1255.369995,1257.540039,1257.540039,696200
2015-08-21,1245.959961,1248.239990,1200.589966,1216.920044,1216.920044,1211800
2015-08-24,1162.000000,1222.520020,1151.010010,1174.119995,1174.119995,1153600
2015-08-25,1202.109985,1224.959961,1178.790039,1178.810059,1178.810059,959600
2015-08-26,1210.670044,1229.050049,1179.000000,1223.459961,1223.459961,838400
2015-08-27,1234.989990,1253.969971,1233.420044,1252.010010,1252.010010,788000
2015-08-28,1244.229980,1264.520020,1240.069946,1259.390015,1259.390015,502800
2015-08-31,1255.170044,1264.979980,1243.469971,1248.640015,1248.640015,466700
2015-09-01,1217.150024,1245.000000,1207.089966,1215.359985,1215.359985,579300
2015-09-02,1232.439941,1242.920044,1216.050049,1242.869995,1242.869995,413100
2015-09-03,1249.140015,1260.250000,1236.300049,1240.369995,1240.369995,544500
2015-09-04,1224.170044,1248.400024,1222.150024,1245.250000,1245.250000,607900
2015-09-08,1268.000000,1281.130005,1266.420044,1280.400024,1280.400024,659900
2015-09-09,1293.000000,1304.020020,1274.500000,1276.719971,1276.719971,497800
2015-09-10,1277.410034,1293.869995,1275.000000,1287.739990,1287.739990,405900
2015-09-11,1280.099976,1290.640015,1278.719971,1290.410034,1290.410034,401600
2015-09-14,1291.989990,1292.420044,1276.130005,1286.829956,1286.829956,411600
2015-09-15,1292.839966,1321.319946,1280.890015,1318.800049,1318.800049,721000
2015-09-16,1321.900024,1327.959961,1312.760010,1320.479980,1320.479980,478400
2015-09-17,1321.949951,1338.510010,1313.829956,1318.000000,1318.000000,482000
2015-09-18,1301.729980,1312.489990,1292.699951,1294.469971,1294.469971,1213400
2015-09-21,1300.479980,1311.689941,1295.010010,1307.479980,1307.479980,581300
2015-09-22,1289.020020,1298.000000,1278.329956,1288.949951,1288.949951,515100
2015-09-23,1288.260010,1297.000000,1270.010010,1275.989990,1275.989990,394700
2015-09-24,1266.750000,1284.119995,1256.160034,1281.130005,1281.130005,596500
2015-09-25,1298.489990,1298.489990,1252.000000,1252.760010,1252.760010,744900
2015-09-28,1242.339966,1244.930054,1192.219971,1199.140015,1199.140015,1147800
2015-09-29,1198.010010,1214.219971,1185.010010,1200.319946,1200.319946,586800
2015-09-30,1217.479980,1238.599976,1211.880005,1236.859985,1236.859985,794500
2015-10-01,1235.530029,1251.280029,1220.000000,1247.079956,1247.079956,817500
2015-10-02,1229.430054,1266.689941,1223.229980,1265.680054,1265.680054,757000
2015-10-05,1274.099976,1287.540039,1271.540039,1274.859985,1274.859985,572800
2015-10-06,1271.010010,1286.209961,1264.520020,1275.449951,1275.449951,401700
2015-10-07,1285.060059,1294.180054,1271.010010,1291.579956,1291.579956,484900
2015-10-08,1287.099976,1311.430054,1281.140015,1304.319946,1304.319946,432400
2015-10-09,1305.989990,1316.599976,1296.800049,1313.290039,1313.290039,419300
2015-10-12,1318.000000,1352.500000,1315.589966,1347.189941,1347.189941,600900
2015-10-13,1340.000000,1352.949951,1333.839966,1345.000000,1345.000000,502700
2015-10-14,1349.969971,1350.000000,1308.540039,1311.079956,1311.079956,896100
2015-10-15,1319.609985,1333.239990,1304.969971,1327.290039,1327.290039,601900
2015-10-16,1334.410034,1342.130005,1326.010010,1336.569946,1336.569946,529000
2015-10-19,1334.189941,1379.579956,1329.599976,1376.130005,1376.130005,700400
2015-10-20,1371.829956,1382.500000,1364.079956,1372.510010,1372.510010,471100
2015-10-21,1378.689941,1393.630005,1360.180054,1364.290039,1364.290039,481600
2015-10-22,1371.550049,1382.000000,1351.199951,1354.469971,1354.469971,679600
2015-10-23,1374.000000,1374.000000,1357.300049,1366.489990,1366.489990,629600
2015-10-26,1375.000000,1429.859985,1374.489990,1416.319946,1416.319946,863800
2015-10-27,1412.359985,1424.650024,1396.369995,1403.280029,1403.280029,479000
2015-10-28,1412.000000,1412.000000,1393.969971,1404.520020,1404.520020,533200
2015-10-29,1410.000000,1428.420044,1402.680054,1425.650024,1425.650024,525700
2015-10-30,1445.000000,1466.079956,1436.050049,1454.239990,1454.239990,994300
2015-11-02,1462.030029,1470.000000,1454.569946,1467.189941,1467.189941,498600
2015-11-03,1461.550049,1473.040039,1455.189941,1464.900024,1464.900024,414700
2015-11-04,1465.949951,1473.989990,1462.750000,1469.560059,1469.560059,507400
2015-11-05,1475.000000,1476.520020,1451.670044,1462.640015,1462.640015,548500
2015-11-06,1451.400024,1459.640015,1430.000000,1449.900024,1449.900024,1177200
2015-11-09,1362.300049,1386.979980,1303.439941,1311.150024,1311.150024,2652400
2015-11-10,1302.060059,1327.839966,1302.060059,1323.540039,1323.540039,927800
2015-11-11,1325.550049,1335.000000,1315.510010,1329.579956,1329.579956,597600
2015-11-12,1321.000000,1336.260010,1312.989990,1314.010010,1314.010010,561200
2015-11-13,1311.000000,1319.300049,1294.640015,1297.750000,1297.750000,779900
2015-11-16,1278.140015,1279.989990,1230.209961,1266.869995,1266.869995,1708400
2015-11-17,1274.010010,1280.000000,1250.000000,1258.790039,1258.790039,899300
2015-11-18,1267.099976,1287.359985,1252.010010,1278.500000,1278.500000,804500
2015-11-19,1286.829956,1299.780029,1282.119995,1284.650024,1284.650024,555200
2015-11-20,1294.420044,1296.000000,1270.000000,1281.530029,1281.530029,626600
2015-11-23,1285.000000,1292.760010,1256.000000,1264.319946,1264.319946,486100
2015-11-24,1244.300049,1246.569946,1212.000000,1240.180054,1240.180054,1390300
2015-11-25,1245.000000,1256.000000,1242.900024,1245.750000,1245.750000,421000
2015-11-27,1248.810059,1250.560059,1235.619995,1244.989990,1244.989990,278400
2015-11-30,1246.410034,1266.689941,1244.180054,1248.849976,1248.849976,539300
2015-12-01,1258.800049,1285.550049,1255.500000,1282.500000,1282.500000,682100
2015-12-02,1286.739990,1297.199951,1272.119995,1275.439941,1275.439941,426000
2015-12-03,1284.189941,1295.420044,1271.170044,1280.079956,1280.079956,666400
2015-12-04,1283.880005,1302.869995,1283.880005,1300.479980,1300.479980,556300
2015-12-07,1300.310059,1309.790039,1293.079956,1302.420044,1302.420044,409800
2015-12-08,1287.849976,1309.930054,1281.170044,1303.969971,1303.969971,339000
2015-12-09,1301.489990,1314.959961,1285.089966,1294.989990,1294.989990,384000
2015-12-10,1300.000000,1307.280029,1286.689941,1306.500000,1306.500000,461800
2015-12-11,1290.530029,1299.739990,1282.189941,1285.329956,1285.329956,535100
2015-12-14,1288.640015,1301.890015,1276.060059,1297.880005,1297.880005,368200
2015-12-15,1303.650024,1331.180054,1301.920044,1323.729980,1323.729980,709200
2015-12-16,1332.790039,1337.290039,1315.000000,1332.310059,1332.310059,413300
2015-12-17,1341.989990,1341.989990,1312.689941,1313.739990,1313.739990,504600
2015-12-18,1306.119995,1312.969971,1283.739990,1285.670044,1285.670044,882200
2015-12-21,1292.880005,1299.560059,1264.130005,1275.709961,1275.709961,464500
2015-12-22,1282.900024,1282.900024,1266.089966,1277.489990,1277.489990,303000
2015-12-23,1284.000000,1284.949951,1267.219971,1279.050049,1279.050049,268300
2015-12-24,1278.500000,1280.520020,1272.010010,1273.069946,1273.069946,159300
2015-12-28,1266.989990,1274.739990,1253.199951,1272.959961,1272.959961,266400
2015-12-29,1278.000000,1304.000000,1277.010010,1302.400024,1302.400024,404800
2015-12-30,1299.000000,1301.670044,1288.069946,1289.160034,1289.160034,272900
2015-12-31,1285.579956,1287.900024,1271.510010,1274.949951,1274.949951,337700
2016-01-04,1256.000000,1258.849976,1228.000000,1245.369995,1245.369995,767800
2016-01-05,1236.280029,1247.469971,1201.079956,1210.689941,1210.689941,894900
2016-01-06,1186.000000,1212.280029,1185.000000,1196.709961,1196.709961,561300
2016-01-07,1171.969971,1194.489990,1154.280029,1167.189941,1167.189941,1092100
2016-01-08,1172.510010,1182.410034,1135.000000,1136.959961,1136.959961,1023000
2016-01-11,1136.000000,1147.979980,1120.010010,1136.280029,1136.280029,635300
2016-01-12,1141.829956,1160.500000,1133.079956,1148.920044,1148.920044,798400
2016-01-13,1155.989990,1156.979980,1076.349976,1098.900024,1098.900024,1136600
2016-01-14,1098.209961,1136.709961,1065.000000,1121.380005,1121.380005,1160300
2016-01-15,1076.000000,1110.829956,1075.150024,1086.739990,1086.739990,1076600
2016-01-19,1099.420044,1117.000000,1078.420044,1094.500000,1094.500000,679900
2016-01-20,1075.000000,1098.619995,1039.260010,1081.329956,1081.329956,1062500
2016-01-21,1084.359985,1111.000000,1067.060059,1089.140015,1089.140015,543600
2016-01-22,1111.829956,1126.569946,1104.140015,1118.109985,1118.109985,735700
2016-01-25,1117.410034,1126.560059,1097.880005,1097.930054,1097.930054,428100
2016-01-26,1097.109985,1124.699951,1070.099976,1111.540039,1111.540039,744800
2016-01-27,1079.579956,1093.130005,1038.140015,1043.699951,1043.699951,1174000
2016-01-28,1058.790039,1059.719971,1015.150024,1043.130005,1043.130005,1127700
2016-01-29,1045.400024,1074.660034,1030.270020,1064.969971,1064.969971,873600
2016-02-01,1063.000000,1094.790039,1056.250000,1084.869995,1084.869995,613300
2016-02-02,1070.000000,1084.150024,1056.540039,1066.790039,1066.790039,679300
2016-02-03,1070.250000,1072.339966,1020.429993,1049.160034,1049.160034,793500
2016-02-04,1044.790039,1073.650024,1023.250000,1069.099976,1069.099976,766700
2016-02-05,1063.099976,1064.050049,1010.690002,1015.549988,1015.549988,1036300
2016-02-08,996.489990,1000.000000,954.830017,973.799988,973.799988,1194000
2016-02-09,958.429993,1003.739990,954.020020,991.289978,991.289978,1043800
2016-02-10,1004.919983,1047.989990,1002.299988,1032.770020,1032.770020,970500
2016-02-11,1054.000000,1063.630005,1028.530029,1055.239990,1055.239990,1036600
2016-02-12,1066.880005,1078.890015,1050.560059,1058.010010,1058.010010,811600
2016-02-16,1075.890015,1115.839966,1072.270020,1110.680054,1110.680054,1119700
2016-02-17,1245.000000,1246.609985,1220.150024,1235.560059,1235.560059,2382000
2016-02-18,1245.000000,1257.229980,1236.380005,1251.949951,1251.949951,1060100
2016-02-19,1238.280029,1284.989990,1236.530029,1283.739990,1283.739990,1052500
2016-02-22,1286.560059,1291.439941,1268.000000,1288.420044,1288.420044,827100
2016-02-23,1278.300049,1288.400024,1258.709961,1261.890015,1261.890015,617800
2016-02-24,1248.099976,1264.849976,1222.709961,1264.209961,1264.209961,774200
2016-02-25,1263.250000,1271.979980,1247.040039,1263.410034,1263.410034,729000
2016-02-26,1268.750000,1273.339966,1244.400024,1254.270020,1254.270020,614500
2016-02-29,1250.300049,1282.640015,1248.489990,1265.209961,1265.209961,728200
2016-03-01,1283.589966,1296.569946,1277.959961,1295.920044,1295.920044,570600
2016-03-02,1297.359985,1301.630005,1281.550049,1301.369995,1301.369995,469300
2016-03-03,1296.680054,1305.839966,1288.650024,1303.040039,1303.040039,446800
2016-03-04,1306.530029,1308.959961,1286.060059,1297.709961,1297.709961,601200
2016-03-07,1281.400024,1296.290039,1281.400024,1291.430054,1291.430054,504500
2016-03-08,1284.000000,1298.939941,1280.589966,1282.770020,1282.770020,420400
2016-03-09,1280.000000,1291.900024,1263.420044,1291.890015,1291.890015,443000
2016-03-10,1295.810059,1306.000000,1274.500000,1293.770020,1293.770020,431100
2016-03-11,1307.400024,1328.099976,1300.599976,1326.869995,1326.869995,649000
2016-03-14,1320.219971,1341.300049,1317.589966,1325.729980,1325.729980,490200
2016-03-15,1315.150024,1339.000000,1315.150024,1332.130005,1332.130005,383000
2016-03-16,1328.199951,1357.900024,1325.000000,1350.989990,1350.989990,536200
2016-03-17,1341.699951,1356.329956,1337.109985,1346.859985,1346.859985,389400
2016-03-18,1353.000000,1361.630005,1338.300049,1344.219971,1344.219971,472700
2016-03-21,1340.949951,1351.000000,1333.359985,1350.510010,1350.510010,256200
2016-03-22,1311.000000,1328.150024,1306.000000,1319.410034,1319.410034,840100
2016-03-23,1322.910034,1323.839966,1300.000000,1306.109985,1306.109985,447900
2016-03-24,1300.000000,1304.439941,1291.630005,1301.189941,1301.189941,383700
2016-03-28,1301.349976,1304.709961,1271.010010,1287.030029,1287.030029,453800
2016-03-29,1281.199951,1313.900024,1281.199951,1307.890015,1307.890015,427700
2016-03-30,1316.900024,1323.089966,1311.040039,1317.030029,1317.030029,376400
2016-03-31,1312.310059,1314.989990,1288.329956,1288.959961,1288.959961,488200
2016-04-01,1278.000000,1301.719971,1273.000000,1299.699951,1299.699951,567300
2016-04-04,1297.550049,1298.199951,1276.290039,1281.760010,1281.760010,357100
2016-04-05,1270.000000,1287.859985,1265.560059,1279.079956,1279.079956,373200
2016-04-06,1280.219971,1294.880005,1273.209961,1293.010010,1293.010010,280400
2016-04-07,1291.469971,1292.329956,1271.449951,1276.500000,1276.500000,389200
2016-04-08,1282.780029,1283.550049,1271.310059,1274.150024,1274.150024,300400
2016-04-11,1281.949951,1288.390015,1263.209961,1264.630005,1264.630005,293800
2016-04-12,1268.550049,1304.579956,1255.109985,1300.280029,1300.280029,449400
2016-04-13,1310.349976,1329.939941,1300.500000,1317.760010,1317.760010,605300
2016-04-14,1323.000000,1340.000000,1319.000000,1336.390015,1336.390015,519800
2016-04-15,1333.670044,1335.109985,1320.760010,1331.900024,1331.900024,479500
2016-04-18,1328.890015,1369.030029,1328.890015,1353.369995,1353.369995,638900
2016-04-19,1359.880005,1360.000000,1333.290039,1345.780029,1345.780029,434700
2016-04-20,1346.599976,1364.329956,1338.329956,1350.000000,1350.000000,416400
2016-04-21,1343.310059,1357.430054,1337.000000,1340.000000,1340.000000,269600
2016-04-22,1331.000000,1349.569946,1331.000000,1338.500000,1338.500000,527000
2016-04-25,1332.000000,1341.000000,1323.449951,1335.270020,1335.270020,393400
2016-04-26,1334.000000,1336.829956,1321.489990,1333.949951,1333.949951,320000
2016-04-27,1331.750000,1357.000000,1327.000000,1353.739990,1353.739990,395500
2016-04-28,1330.000000,1355.910034,1310.150024,1317.589966,1317.589966,743400
2016-04-29,1332.410034,1368.459961,1332.410034,1343.660034,1343.660034,1018000
2016-05-02,1349.000000,1358.780029,1325.000000,1356.689941,1356.689941,508100
2016-05-03,1346.219971,1358.540039,1335.079956,1354.640015,1354.640015,861500
2016-05-04,1258.000000,1266.000000,1205.250000,1253.040039,1253.040039,2884800
2016-05-05,1253.880005,1263.920044,1239.020020,1240.849976,1240.849976,816900
2016-05-06,1231.010010,1253.000000,1231.010010,1250.099976,1250.099976,572500
2016-05-09,1250.099976,1253.000000,1231.119995,1244.920044,1244.920044,425400
2016-05-10,1252.750000,1274.550049,1250.510010,1268.270020,1268.270020,539800
2016-05-11,1266.680054,1274.140015,1260.000000,1267.310059,1267.310059,497700
2016-05-12,1273.489990,1290.199951,1270.219971,1282.250000,1282.250000,706500
2016-05-13,1274.000000,1289.000000,1271.010010,1278.640015,1278.640015,482900
2016-05-16,1281.949951,1289.449951,1269.060059,1283.469971,1283.469971,432400
2016-05-17,1284.890015,1295.949951,1274.160034,1278.020020,1278.020020,456600
2016-05-18,1271.209961,1288.000000,1255.380005,1267.270020,1267.270020,378500
2016-05-19,1250.780029,1258.900024,1233.890015,1250.310059,1250.310059,548800
2016-05-20,1254.209961,1258.829956,1245.680054,1249.290039,1249.290039,445700
2016-05-23,1246.349976,1253.920044,1234.719971,1237.489990,1237.489990,399700
2016-05-24,1237.859985,1262.660034,1236.949951,1256.630005,1256.630005,391900
2016-05-25,1258.510010,1277.229980,1251.000000,1270.180054,1270.180054,344800
2016-05-26,1270.930054,1279.989990,1261.569946,1269.020020,1269.020020,330500
2016-05-27,1267.020020,1273.599976,1262.500000,1273.000000,1273.000000,307100
2016-05-31,1278.449951,1286.349976,1255.000000,1264.329956,1264.329956,784200
2016-06-01,1259.060059,1282.569946,1249.510010,1278.000000,1278.000000,755300
2016-06-02,1279.400024,1290.349976,1272.170044,1290.000000,1290.000000,447000
2016-06-03,1280.790039,1303.770020,1276.050049,1301.709961,1301.709961,596700
2016-06-06,1302.520020,1351.739990,1299.079956,1349.099976,1349.099976,842600
2016-06-07,1348.010010,1373.979980,1345.010010,1360.000000,1360.000000,865000
2016-06-08,1360.000000,1368.900024,1352.010010,1354.829956,1354.829956,494500
2016-06-09,1347.020020,1351.310059,1336.310059,1340.069946,1340.069946,450000
2016-06-10,1327.609985,1331.359985,1315.400024,1318.900024,1318.900024,479600
2016-06-13,1313.500000,1337.959961,1312.689941,1315.469971,1315.469971,414900
2016-06-14,1310.910034,1321.000000,1291.020020,1304.099976,1304.099976,527000
2016-06-15,1306.099976,1319.000000,1302.270020,1305.420044,1305.420044,490900
2016-06-16,1304.000000,1335.000000,1303.390015,1323.890015,1323.890015,629100
2016-06-17,1324.199951,1324.199951,1304.010010,1309.239990,1309.239990,535600
2016-06-20,1323.640015,1359.900024,1322.300049,1341.959961,1341.959961,722900
2016-06-21,1344.349976,1351.000000,1329.290039,1343.050049,1343.050049,453400
2016-06-22,1373.250000,1374.500000,1352.329956,1360.099976,1360.099976,685500
2016-06-23,1374.000000,1394.000000,1371.000000,1390.199951,1390.199951,679200
2016-06-24,1293.780029,1313.770020,1217.329956,1232.140015,1232.140015,3179200
2016-06-27,1220.119995,1233.910034,1148.060059,1186.050049,1186.050049,1758600
2016-06-28,1217.979980,1235.699951,1188.849976,1204.250000,1204.250000,1206000
2016-06-29,1220.000000,1248.959961,1216.000000,1239.410034,1239.410034,778500
2016-06-30,1271.250000,1275.569946,1240.010010,1248.410034,1248.410034,921500
2016-07-01,1249.010010,1275.699951,1245.510010,1267.369995,1267.369995,644100
2016-07-05,1259.560059,1275.050049,1246.209961,1275.030029,1275.030029,568800
2016-07-06,1269.859985,1294.430054,1260.000000,1292.040039,1292.040039,561800
2016-07-07,1289.640015,1305.939941,1289.640015,1297.260010,1297.260010,494900
2016-07-08,1306.939941,1330.619995,1304.219971,1329.459961,1329.459961,712700
2016-07-11,1342.900024,1360.989990,1341.489990,1351.030029,1351.030029,648200
2016-07-12,1362.000000,1366.989990,1334.010010,1345.430054,1345.430054,489500
2016-07-13,1342.380005,1359.709961,1337.890015,1338.650024,1338.650024,351400
2016-07-14,1345.260010,1351.000000,1340.250000,1346.180054,1346.180054,290200
2016-07-15,1327.890015,1334.000000,1322.589966,1330.569946,1330.569946,562000
2016-07-18,1332.500000,1349.430054,1328.099976,1341.359985,1341.359985,300100
2016-07-19,1332.000000,1338.589966,1325.000000,1327.000000,1327.000000,381600
2016-07-20,1330.109985,1362.989990,1323.680054,1352.829956,1352.829956,649700
2016-07-21,1349.010010,1350.800049,1325.819946,1332.500000,1332.500000,523100
2016-07-22,1336.229980,1336.699951,1323.069946,1327.400024,1327.400024,405700
2016-07-25,1330.449951,1330.729980,1305.089966,1321.670044,1321.670044,592700
2016-07-26,1322.750000,1331.319946,1316.030029,1324.530029,1324.530029,456100
2016-07-27,1319.400024,1340.000000,1315.459961,1324.479980,1324.479980,481500
2016-07-28,1310.000000,1329.869995,1310.000000,1326.099976,1326.099976,500500
2016-07-29,1314.989990,1353.989990,1313.420044,1350.810059,1350.810059,1413600
2016-08-01,1353.729980,1363.589966,1342.400024,1356.079956,1356.079956,547900
2016-08-02,1353.310059,1363.000000,1325.719971,1345.380005,1345.380005,597400
2016-08-03,1341.599976,1376.680054,1336.030029,1371.140015,1371.140015,861800
2016-08-04,1358.400024,1363.680054,1344.319946,1359.989990,1359.989990,1321600
2016-08-05,1435.000000,1435.000000,1406.989990,1414.219971,1414.219971,1456600
2016-08-08,1415.540039,1418.579956,1402.020020,1405.000000,1405.000000,637000
2016-08-09,1404.510010,1409.400024,1398.250000,1407.010010,1407.010010,428100
2016-08-10,1411.000000,1412.000000,1401.050049,1406.280029,1406.280029,268000
2016-08-11,1408.750000,1416.430054,1405.369995,1406.920044,1406.920044,301200
2016-08-12,1400.949951,1408.339966,1400.949951,1407.979980,1407.979980,281200
2016-08-15,1408.000000,1412.099976,1396.750000,1399.160034,1399.160034,428800
2016-08-16,1397.949951,1410.369995,1392.439941,1408.660034,1408.660034,365500
2016-08-17,1408.660034,1429.270020,1404.030029,1427.199951,1427.199951,479700
2016-08-18,1440.000000,1449.900024,1437.500000,1443.069946,1443.069946,523500
2016-08-19,1438.000000,1443.069946,1428.079956,1432.000000,1432.000000,476800
2016-08-22,1434.439941,1434.449951,1421.000000,1423.989990,1423.989990,405700
2016-08-23,1425.319946,1433.000000,1419.500000,1422.469971,1422.469971,306200
2016-08-24,1419.209961,1429.530029,1404.010010,1410.180054,1410.180054,369200
2016-08-25,1404.130005,1418.599976,1404.130005,1415.550049,1415.550049,309300
2016-08-26,1415.550049,1429.689941,1410.500000,1419.790039,1419.790039,412000
2016-08-29,1423.000000,1433.969971,1419.760010,1425.189941,1425.189941,316600
2016-08-30,1422.689941,1430.510010,1412.000000,1416.550049,1416.550049,199000
2016-08-31,1414.150024,1418.410034,1408.000000,1416.729980,1416.729980,167200
2016-09-01,1422.500000,1424.369995,1408.530029,1418.589966,1418.589966,307100
2016-09-02,1427.000000,1429.979980,1415.760010,1422.849976,1422.849976,263600
2016-09-06,1421.920044,1436.959961,1416.250000,1436.959961,1436.959961,386800
2016-09-07,1434.750000,1447.319946,1429.829956,1444.010010,1444.010010,302200
2016-09-08,1443.329956,1454.109985,1441.930054,1445.829956,1445.829956,350500
2016-09-09,1432.660034,1443.000000,1413.229980,1413.900024,1413.900024,496100
2016-09-12,1402.670044,1443.130005,1402.670044,1436.209961,1436.209961,504600
2016-09-13,1426.000000,1439.989990,1405.530029,1415.949951,1415.949951,523700
2016-09-14,1418.699951,1431.199951,1416.010010,1429.380005,1429.380005,393200
2016-09-15,1431.979980,1458.910034,1426.160034,1457.219971,1457.219971,733800
2016-09-16,1453.310059,1462.910034,1442.219971,1460.050049,1460.050049,740400
2016-09-19,1469.000000,1473.170044,1446.550049,1448.060059,1448.060059,503000
2016-09-20,1457.890015,1459.530029,1440.000000,1449.000000,1449.000000,289700
2016-09-21,1452.640015,1464.689941,1442.510010,1464.000000,1464.000000,412500
2016-09-22,1464.849976,1469.930054,1458.000000,1465.869995,1465.869995,337200
2016-09-23,1465.000000,1465.000000,1452.410034,1456.760010,1456.760010,321200
2016-09-26,1452.619995,1453.770020,1440.229980,1447.150024,1447.150024,327600
2016-09-27,1446.650024,1460.520020,1441.219971,1453.489990,1453.489990,471900
2016-09-28,1459.479980,1461.560059,1449.250000,1458.030029,1458.030029,394700
2016-09-29,1459.010010,1481.780029,1455.310059,1472.979980,1472.979980,652500
2016-09-30,1478.069946,1480.689941,1463.920044,1471.489990,1471.489990,436500
2016-10-03,1463.829956,1490.430054,1459.420044,1486.719971,1486.719971,514100
2016-10-04,1494.349976,1498.829956,1483.020020,1489.020020,1489.020020,386300
2016-10-05,1493.560059,1501.790039,1490.000000,1497.579956,1497.579956,399000
2016-10-06,1492.729980,1497.260010,1485.280029,1490.439941,1490.439941,361800
2016-10-07,1498.739990,1498.739990,1478.010010,1479.819946,1479.819946,414200
2016-10-10,1481.000000,1486.589966,1470.239990,1475.180054,1475.180054,441800
2016-10-11,1470.000000,1475.520020,1455.010010,1459.020020,1459.020020,418200
2016-10-12,1458.000000,1469.300049,1452.810059,1454.839966,1454.839966,287900
2016-10-13,1445.800049,1449.160034,1429.579956,1442.520020,1442.520020,483600
2016-10-14,1450.000000,1456.349976,1435.050049,1439.569946,1439.569946,328600
2016-10-17,1436.630005,1443.359985,1429.599976,1437.650024,1437.650024,263700
2016-10-18,1450.630005,1459.900024,1446.510010,1454.969971,1454.969971,326100
2016-10-19,1457.349976,1474.699951,1455.209961,1469.199951,1469.199951,344600
2016-10-20,1473.930054,1473.989990,1461.010010,1468.290039,1468.290039,300400
2016-10-21,1460.770020,1468.000000,1455.500000,1467.390015,1467.390015,379700
2016-10-24,1478.209961,1479.829956,1465.479980,1471.800049,1471.800049,274600
2016-10-25,1466.239990,1481.849976,1465.869995,1479.030029,1479.030029,365700
2016-10-26,1475.000000,1477.550049,1465.479980,1469.160034,1469.160034,416700
2016-10-27,1475.099976,1480.000000,1461.079956,1463.020020,1463.020020,358800
2016-10-28,1465.079956,1483.000000,1460.000000,1474.819946,1474.819946,600900
2016-10-31,1478.300049,1479.609985,1472.280029,1474.229980,1474.229980,284200
2016-11-01,1474.229980,1480.010010,1453.930054,1467.000000,1467.000000,562900
2016-11-02,1468.479980,1469.550049,1441.790039,1445.329956,1445.329956,539800
2016-11-03,1449.349976,1456.520020,1435.410034,1438.099976,1438.099976,367700
2016-11-04,1429.050049,1442.140015,1422.189941,1424.280029,1424.280029,435300
2016-11-07,1437.449951,1485.199951,1435.790039,1480.329956,1480.329956,1395500
2016-11-08,1540.000000,1589.209961,1540.000000,1578.130005,1578.130005,1561000
2016-11-09,1565.000000,1575.000000,1546.579956,1570.260010,1570.260010,912500
2016-11-10,1584.439941,1600.930054,1520.300049,1554.319946,1554.319946,1101600
2016-11-11,1548.099976,1557.699951,1530.869995,1540.650024,1540.650024,643000
2016-11-14,1540.459961,1541.930054,1482.229980,1489.180054,1489.180054,801600
2016-11-15,1499.969971,1507.770020,1485.599976,1497.449951,1497.449951,669100
2016-11-16,1492.390015,1517.000000,1488.229980,1503.229980,1503.229980,366800
2016-11-17,1502.540039,1530.949951,1500.189941,1512.900024,1512.900024,413500
2016-11-18,1512.280029,1529.000000,1504.530029,1507.349976,1507.349976,426300
2016-11-21,1512.000000,1531.030029,1507.199951,1524.180054,1524.180054,295800
2016-11-22,1530.250000,1535.900024,1525.640015,1535.420044,1535.420044,320100
2016-11-23,1530.920044,1533.560059,1510.890015,1520.989990,1520.989990,319000
2016-11-25,1523.119995,1527.989990,1511.400024,1521.680054,1521.680054,173700
2016-11-28,1517.300049,1536.000000,1513.109985,1525.069946,1525.069946,348900
2016-11-29,1528.650024,1532.900024,1515.000000,1520.270020,1520.270020,327100
2016-11-30,1523.250000,1528.579956,1500.209961,1503.680054,1503.680054,375600
2016-12-01,1501.689941,1504.119995,1468.969971,1479.660034,1479.660034,572600
2016-12-02,1481.479980,1488.800049,1466.979980,1473.000000,1473.000000,336100
2016-12-05,1476.189941,1502.869995,1475.229980,1499.760010,1499.760010,349300
2016-12-06,1506.959961,1508.089966,1493.989990,1504.819946,1504.819946,254900
2016-12-07,1504.689941,1527.800049,1501.869995,1527.040039,1527.040039,389900
2016-12-08,1535.359985,1551.770020,1522.760010,1548.670044,1548.670044,505900
2016-12-09,1555.500000,1559.180054,1549.939941,1557.979980,1557.979980,333900
2016-12-12,1560.550049,1566.630005,1528.569946,1536.780029,1536.780029,396400
2016-12-13,1545.189941,1560.000000,1538.260010,1540.109985,1540.109985,388000
2016-12-14,1542.739990,1549.130005,1525.719971,1528.449951,1528.449951,307600
2016-12-15,1520.000000,1523.000000,1500.569946,1501.199951,1501.199951,584200
2016-12-16,1507.500000,1507.969971,1473.130005,1484.280029,1484.280029,714500
2016-12-19,1484.270020,1501.469971,1477.989990,1488.829956,1488.829956,390100
2016-12-20,1488.060059,1503.959961,1483.979980,1502.250000,1502.250000,306500
2016-12-21,1498.109985,1512.709961,1495.000000,1505.760010,1505.760010,290700
2016-12-22,1501.400024,1503.180054,1475.420044,1481.339966,1481.339966,406400
2016-12-23,1477.540039,1490.079956,1470.339966,1486.199951,1486.199951,275600
2016-12-27,1490.010010,1503.390015,1486.430054,1493.420044,1493.420044,193900
2016-12-28,1494.729980,1496.050049,1476.479980,1480.459961,1480.459961,248700
2016-12-29,1477.209961,1487.430054,1473.349976,1480.160034,1480.160034,200900
2016-12-30,1483.489990,1483.489990,1462.339966,1466.060059,1466.060059,407400
2017-01-03,1476.910034,1487.359985,1459.489990,1477.569946,1477.569946,458500
2017-01-04,1484.640015,1493.650024,1480.750000,1487.290039,1487.290039,387700
2017-01-05,1489.890015,1504.939941,1489.890015,1503.699951,1503.699951,447500
2017-01-06,1501.540039,1526.469971,1501.209961,1520.569946,1520.569946,473400
2017-01-09,1518.000000,1538.770020,1518.000000,1529.640015,1529.640015,397500
2017-01-10,1534.959961,1544.560059,1529.500000,1535.250000,1535.250000,325100
2017-01-11,1532.209961,1546.670044,1527.020020,1536.109985,1536.109985,404600
2017-01-12,1531.560059,1539.930054,1516.000000,1538.589966,1538.589966,314900
2017-01-13,1535.750000,1548.949951,1531.260010,1545.819946,1545.819946,326200
2017-01-17,1544.000000,1546.989990,1534.010010,1540.130005,1540.130005,330200
2017-01-18,1545.219971,1547.250000,1529.209961,1541.859985,1541.859985,246000
2017-01-19,1541.400024,1549.000000,1532.719971,1539.020020,1539.020020,279200
2017-01-20,1547.560059,1547.560059,1528.010010,1545.010010,1545.010010,596500
2017-01-23,1541.469971,1555.729980,1534.630005,1554.989990,1554.989990,430300
2017-01-24,1558.380005,1566.060059,1552.130005,1563.329956,1563.329956,360300
2017-01-25,1569.000000,1581.469971,1565.260010,1578.819946,1578.819946,308000
2017-01-26,1576.560059,1587.510010,1575.449951,1581.439941,1581.439941,294200
2017-01-27,1581.000000,1605.469971,1577.670044,1602.920044,1602.920044,428000
2017-01-30,1598.650024,1603.579956,1571.000000,1602.310059,1602.310059,469200
2017-01-31,1599.000000,1599.410034,1569.030029,1575.130005,1575.130005,517600
2017-02-01,1584.089966,1586.589966,1562.859985,1575.310059,1575.310059,330700
2017-02-02,1570.030029,1585.449951,1567.000000,1574.089966,1574.089966,444500
2017-02-03,1576.489990,1587.989990,1572.810059,1583.380005,1583.380005,317500
2017-02-06,1581.339966,1588.869995,1571.319946,1587.180054,1587.180054,210200
2017-02-07,1590.000000,1598.930054,1588.000000,1598.699951,1598.699951,295400
2017-02-08,1595.180054,1604.300049,1589.000000,1601.189941,1601.189941,373600
2017-02-09,1602.839966,1616.079956,1598.050049,1611.829956,1611.829956,414300
2017-02-10,1617.469971,1649.650024,1614.020020,1646.510010,1646.510010,843800
2017-02-13,1652.000000,1652.000000,1640.000000,1646.180054,1646.180054,413500
2017-02-14,1646.180054,1646.310059,1630.339966,1637.290039,1637.290039,391000
2017-02-15,1631.300049,1651.270020,1628.000000,1648.959961,1648.959961,280600
2017-02-16,1647.449951,1658.969971,1642.500000,1648.880005,1648.880005,301600
2017-02-17,1648.780029,1648.780029,1634.060059,1637.400024,1637.400024,414000
2017-02-21,1642.979980,1657.239990,1637.420044,1647.000000,1647.000000,460300
2017-02-22,1641.520020,1653.459961,1639.000000,1651.739990,1651.739990,278400
2017-02-23,1661.900024,1664.989990,1633.400024,1637.260010,1637.260010,412300
2017-02-24,1627.550049,1640.680054,1622.020020,1631.619995,1631.619995,562400
2017-02-27,1631.109985,1635.319946,1612.410034,1632.010010,1632.010010,813000
2017-02-28,1703.890015,1748.390015,1698.099976,1724.130005,1724.130005,1739800
2017-03-01,1741.000000,1742.020020,1726.229980,1733.180054,1733.180054,623700
2017-03-02,1737.520020,1747.260010,1730.800049,1734.369995,1734.369995,503300
2017-03-03,1731.000000,1742.000000,1729.410034,1735.099976,1735.099976,291700
2017-03-06,1730.000000,1736.849976,1727.000000,1730.209961,1730.209961,353800
2017-03-07,1720.000000,1737.619995,1720.000000,1736.459961,1736.459961,282600
2017-03-08,1735.199951,1749.640015,1731.670044,1743.489990,1743.489990,421100
2017-03-09,1738.150024,1756.319946,1738.150024,1749.420044,1749.420044,419500
2017-03-10,1757.140015,1759.170044,1750.810059,1754.239990,1754.239990,330700
2017-03-13,1757.000000,1772.489990,1754.939941,1767.119995,1767.119995,327900
2017-03-14,1767.930054,1769.859985,1756.239990,1769.000000,1769.000000,320900
2017-03-15,1772.780029,1773.380005,1759.780029,1767.979980,1767.979980,353200
2017-03-16,1771.000000,1775.000000,1768.939941,1773.979980,1773.979980,302200
2017-03-17,1774.729980,1774.729980,1766.780029,1772.630005,1772.630005,414600
2017-03-20,1773.500000,1776.689941,1762.569946,1765.439941,1765.439941,262400
2017-03-21,1772.000000,1772.000000,1744.079956,1747.140015,1747.140015,432800
2017-03-22,1747.140015,1754.900024,1739.000000,1751.989990,1751.989990,277800
2017-03-23,1752.949951,1758.800049,1747.670044,1748.329956,1748.329956,220900
2017-03-24,1753.599976,1757.489990,1748.189941,1753.109985,1753.109985,300400
2017-03-27,1736.000000,1774.339966,1733.000000,1772.000000,1772.000000,400400
2017-03-28,1767.650024,1798.750000,1766.510010,1788.449951,1788.449951,454900
2017-03-29,1789.829956,1797.459961,1783.300049,1785.050049,1785.050049,287800
2017-03-30,1788.479980,1795.560059,1779.640015,1789.199951,1789.199951,277400
2017-03-31,1784.739990,1790.780029,1778.780029,1779.969971,1779.969971,420500
2017-04-03,1776.260010,1785.000000,1766.010010,1773.989990,1773.989990,359800
2017-04-04,1772.989990,1774.500000,1761.410034,1767.380005,1767.380005,258300
2017-04-05,1770.660034,1787.569946,1758.750000,1761.770020,1761.770020,324100
2017-04-06,1764.750000,1774.939941,1755.369995,1773.520020,1773.520020,326800
2017-04-07,1773.939941,1773.989990,1761.260010,1769.560059,1769.560059,289700
2017-04-10,1770.000000,1782.119995,1767.199951,1775.969971,1775.969971,262000
2017-04-11,1770.010010,1780.550049,1756.599976,1768.400024,1768.400024,352900
2017-04-12,1774.579956,1774.900024,1750.010010,1750.010010,1750.010010,426800
2017-04-13,1754.630005,1757.180054,1738.339966,1738.770020,1738.770020,418300
2017-04-17,1743.000000,1772.849976,1739.699951,1770.609985,1770.609985,425000
2017-04-18,1768.589966,1770.989990,1755.390015,1763.310059,1763.310059,287000
2017-04-19,1766.900024,1771.239990,1757.410034,1763.199951,1763.199951,291100
2017-04-20,1764.270020,1771.859985,1760.239990,1760.800049,1760.800049,346600
2017-04-21,1759.900024,1765.969971,1746.369995,1752.010010,1752.010010,459500
2017-04-24,1778.459961,1805.780029,1773.900024,1798.619995,1798.619995,852100
2017-04-25,1807.780029,1807.780029,1795.310059,1799.089966,1799.089966,355800
2017-04-26,1799.199951,1806.050049,1793.199951,1804.119995,1804.119995,321700
2017-04-27,1807.000000,1839.560059,1800.280029,1835.869995,1835.869995,436100
2017-04-28,1851.489990,1858.609985,1838.489990,1846.819946,1846.819946,477400
2017-05-01,1849.900024,1890.829956,1849.900024,1869.920044,1869.920044,481200
2017-05-02,1874.380005,1882.969971,1862.449951,1880.520020,1880.520020,259600
2017-05-03,1884.650024,1884.989990,1865.469971,1876.790039,1876.790039,300600
2017-05-04,1880.000000,1917.900024,1870.579956,1910.410034,1910.410034,675800
2017-05-05,1918.000000,1922.260010,1897.380005,1903.650024,1903.650024,580300
2017-05-08,1907.000000,1927.130005,1896.000000,1903.910034,1903.910034,585000
2017-05-09,1911.439941,1915.969971,1898.040039,1911.130005,1911.130005,771500
2017-05-10,1853.780029,1853.780029,1801.000000,1824.770020,1824.770020,1761100
2017-05-11,1819.750000,1824.760010,1800.709961,1813.560059,1813.560059,774800
2017-05-12,1824.329956,1827.569946,1814.000000,1818.180054,1818.180054,638700
2017-05-15,1817.969971,1827.270020,1811.000000,1813.810059,1813.810059,521900
2017-05-16,1819.829956,1835.219971,1817.560059,1829.800049,1829.800049,486500
2017-05-17,1818.439941,1820.459961,1793.599976,1795.689941,1795.689941,621800
2017-05-18,1795.000000,1814.170044,1791.400024,1796.030029,1796.030029,502500
2017-05-19,1800.000000,1822.219971,1799.670044,1808.280029,1808.280029,457700
2017-05-22,1815.900024,1832.459961,1813.369995,1828.420044,1828.420044,367200
2017-05-23,1825.439941,1832.979980,1814.500000,1827.939941,1827.939941,346200
2017-05-24,1829.130005,1850.000000,1829.130005,1848.739990,1848.739990,408500
2017-05-25,1850.000000,1870.390015,1848.400024,1860.430054,1860.430054,532300
2017-05-26,1861.550049,1869.479980,1852.640015,1863.900024,1863.900024,419600
2017-05-30,1857.670044,1863.650024,1845.599976,1857.449951,1857.449951,484100
2017-05-31,1862.380005,1877.089966,1850.000000,1877.089966,1877.089966,560900
2017-06-01,1878.250000,1894.770020,1870.430054,1890.819946,1890.819946,433800
2017-06-02,1899.040039,1902.000000,1881.020020,1895.959961,1895.959961,463300
2017-06-05,1889.709961,1900.250000,1888.890015,1891.579956,1891.579956,327600
2017-06-06,1888.939941,1908.920044,1886.900024,1889.859985,1889.859985,459600
2017-06-07,1890.199951,1894.839966,1878.479980,1890.369995,1890.369995,380100
2017-06-08,1894.000000,1899.130005,1884.729980,1892.380005,1892.380005,339000
2017-06-09,1890.000000,1895.310059,1826.540039,1842.119995,1842.119995,667000
2017-06-12,1835.000000,1839.469971,1781.109985,1812.989990,1812.989990,1001800
2017-06-13,1825.729980,1854.770020,1822.619995,1843.520020,1843.520020,512000
2017-06-14,1845.000000,1855.560059,1815.010010,1831.609985,1831.609985,551800
2017-06-15,1814.000000,1819.589966,1791.609985,1809.199951,1809.199951,625000
2017-06-16,1816.079956,1816.079956,1797.359985,1802.609985,1802.609985,523800
2017-06-19,1815.780029,1855.900024,1812.020020,1851.599976,1851.599976,562400
2017-06-20,1850.000000,1858.819946,1844.219971,1850.640015,1850.640015,378800
2017-06-21,1854.589966,1870.000000,1848.040039,1867.780029,1867.780029,305600
2017-06-22,1870.800049,1874.890015,1861.000000,1862.930054,1862.930054,278800
2017-06-23,1859.550049,1876.619995,1855.219971,1874.280029,1874.280029,359900
2017-06-26,1880.000000,1896.050049,1867.640015,1876.339966,1876.339966,406500
2017-06-27,1871.290039,1882.050049,1852.609985,1858.250000,1858.250000,339400
2017-06-28,1864.660034,1898.680054,1861.750000,1890.209961,1890.209961,499900
2017-06-29,1881.119995,1889.689941,1850.500000,1876.989990,1876.989990,516900
2017-06-30,1884.050049,1887.010010,1870.040039,1870.520020,1870.520020,461200
2017-07-03,1877.670044,1884.319946,1836.079956,1843.130005,1843.130005,335000
2017-07-05,1845.500000,1869.280029,1841.369995,1866.010010,1866.010010,374900
2017-07-06,1851.150024,1877.300049,1845.010010,1872.300049,1872.300049,422600
2017-07-07,1873.859985,1921.400024,1873.859985,1918.500000,1918.500000,631000
2017-07-10,1920.000000,1936.219971,1911.459961,1921.819946,1921.819946,360800
2017-07-11,1920.890015,1933.550049,1903.900024,1929.150024,1929.150024,318400
2017-07-12,1939.219971,1951.400024,1937.000000,1946.180054,1946.180054,344200
2017-07-13,1950.000000,1950.000000,1934.729980,1940.699951,1940.699951,291100
2017-07-14,1949.469971,1955.619995,1942.880005,1950.869995,1950.869995,302300
2017-07-17,1949.109985,1955.689941,1938.449951,1945.459961,1945.459961,264600
2017-07-18,1949.000000,1989.040039,1948.260010,1976.239990,1976.239990,504800
2017-07-19,1981.180054,1999.000000,1980.420044,1992.099976,1992.099976,361100
2017-07-20,2000.479980,2008.650024,1993.170044,1999.219971,1999.219971,342100
2017-07-21,1993.520020,2002.849976,1990.180054,1994.890015,1994.890015,232700
2017-07-24,1994.900024,2005.089966,1992.459961,2002.010010,2002.010010,261700
2017-07-25,2004.689941,2023.369995,1995.349976,2016.910034,2016.910034,330700
2017-07-26,2019.239990,2037.000000,2017.560059,2033.209961,2033.209961,311800
2017-07-27,2040.050049,2043.949951,1996.000000,2025.089966,2025.089966,487500
2017-07-28,2026.469971,2040.630005,2007.979980,2024.060059,2024.060059,505500
2017-07-31,2030.000000,2033.000000,2010.239990,2028.500000,2028.500000,501100
2017-08-01,2040.089966,2041.489990,2017.010010,2024.589966,2024.589966,371400
2017-08-02,2023.449951,2025.500000,2000.000000,2021.369995,2021.369995,354300
2017-08-03,2020.969971,2030.000000,2012.550049,2027.979980,2027.979980,430900
2017-08-04,2031.020020,2035.469971,2020.290039,2032.770020,2032.770020,333200
2017-08-07,2034.729980,2044.510010,2022.000000,2042.640015,2042.640015,402300
2017-08-08,2044.000000,2067.989990,2035.109985,2049.000000,2049.000000,830600
2017-08-09,1910.510010,1919.989990,1875.079956,1906.800049,1906.800049,2064800
2017-08-10,1900.219971,1903.859985,1845.410034,1849.619995,1849.619995,1010600
2017-08-11,1852.989990,1867.400024,1845.170044,1854.170044,1854.170044,620200
2017-08-14,1869.869995,1877.000000,1860.760010,1873.949951,1873.949951,485900
2017-08-15,1879.300049,1883.500000,1859.050049,1860.839966,1860.839966,368800
2017-08-16,1869.500000,1869.500000,1852.300049,1855.719971,1855.719971,396200
2017-08-17,1854.469971,1854.630005,1811.280029,1812.969971,1812.969971,640500
2017-08-18,1809.619995,1820.000000,1801.000000,1810.000000,1810.000000,486100
2017-08-21,1807.400024,1820.250000,1787.000000,1801.540039,1801.540039,463000
2017-08-22,1812.500000,1821.180054,1803.910034,1818.199951,1818.199951,475400
2017-08-23,1815.890015,1823.689941,1808.170044,1813.020020,1813.020020,422000
2017-08-24,1813.040039,1822.469971,1801.109985,1815.510010,1815.510010,317000
2017-08-25,1822.829956,1822.829956,1788.290039,1793.479980,1793.479980,423200
2017-08-28,1800.000000,1805.000000,1782.449951,1789.910034,1789.910034,485800
2017-08-29,1775.900024,1811.000000,1774.400024,1807.060059,1807.060059,488800
2017-08-30,1809.099976,1818.800049,1808.150024,1813.000000,1813.000000,333400
2017-08-31,1821.819946,1856.349976,1817.260010,1852.079956,1852.079956,532100
2017-09-01,1858.560059,1867.489990,1848.550049,1850.819946,1850.819946,379800
2017-09-05,1845.750000,1848.119995,1825.819946,1842.890015,1842.890015,453000
2017-09-06,1824.030029,1851.880005,1806.030029,1842.449951,1842.449951,517800
2017-09-07,1848.750000,1853.869995,1841.260010,1845.369995,1845.369995,321000
2017-09-08,1846.939941,1854.060059,1838.060059,1838.569946,1838.569946,295500
2017-09-11,1852.060059,1870.250000,1851.890015,1868.859985,1868.859985,578300
2017-09-12,1875.459961,1882.900024,1858.199951,1868.640015,1868.640015,345600
2017-09-13,1863.640015,1873.390015,1859.170044,1871.170044,1871.170044,235600
2017-09-14,1860.680054,1865.349976,1840.609985,1845.290039,1845.290039,490100
2017-09-15,1845.969971,1847.520020,1836.010010,1843.199951,1843.199951,379800
2017-09-18,1846.560059,1867.859985,1846.150024,1854.180054,1854.180054,319700
2017-09-19,1859.459961,1863.500000,1844.599976,1859.780029,1859.780029,301600
2017-09-20,1861.810059,1872.810059,1853.180054,1866.209961,1866.209961,253900
2017-09-21,1868.719971,1876.000000,1852.260010,1866.349976,1866.349976,223200
2017-09-22,1864.589966,1874.449951,1857.739990,1862.130005,1862.130005,236100
2017-09-25,1856.130005,1861.390015,1810.000000,1829.550049,1829.550049,614400
2017-09-26,1835.449951,1843.430054,1820.219971,1825.920044,1825.920044,452700
2017-09-27,1831.530029,1834.770020,1814.109985,1818.989990,1818.989990,441000
2017-09-28,1810.209961,1824.369995,1806.030029,1811.689941,1811.689941,311600
2017-09-29,1812.530029,1839.000000,1812.530029,1830.819946,1830.819946,377500
2017-10-02,1838.599976,1874.949951,1838.599976,1857.469971,1857.469971,433000
2017-10-03,1857.000000,1870.000000,1857.000000,1867.650024,1867.650024,286300
2017-10-04,1866.300049,1895.000000,1862.930054,1888.699951,1888.699951,379500
2017-10-05,1894.599976,1913.969971,1889.010010,1909.609985,1909.609985,421000
2017-10-06,1909.339966,1922.000000,1904.010010,1918.000000,1918.000000,291000
2017-10-09,1920.300049,1939.979980,1917.040039,1926.930054,1926.930054,233400
2017-10-10,1938.079956,1943.500000,1911.900024,1916.650024,1916.650024,341500
2017-10-11,1916.550049,1926.640015,1908.000000,1920.199951,1920.199951,221100
2017-10-12,1920.199951,1924.359985,1913.459961,1918.949951,1918.949951,235300
2017-10-13,1932.770020,1938.430054,1920.020020,1929.060059,1929.060059,343700
2017-10-16,1940.000000,1944.989990,1922.500000,1935.550049,1935.550049,224500
2017-10-17,1929.010010,1938.550049,1926.410034,1934.530029,1934.530029,284400
2017-10-18,1935.689941,1961.449951,1933.989990,1941.869995,1941.869995,412800
2017-10-19,1934.020020,1943.489990,1923.000000,1927.859985,1927.859985,365500
2017-10-20,1941.780029,1946.890015,1937.459961,1942.109985,1942.109985,307000
2017-10-23,1950.000000,1959.989990,1931.280029,1934.550049,1934.550049,360800
2017-10-24,1938.390015,1946.680054,1927.589966,1932.290039,1932.290039,342500
2017-10-25,1927.579956,1935.709961,1913.010010,1928.810059,1928.810059,248000
2017-10-26,1937.349976,1945.000000,1931.010010,1939.290039,1939.290039,378100
2017-10-27,1885.000000,1902.520020,1869.000000,1890.920044,1890.920044,903400
2017-10-30,1885.150024,1891.819946,1863.729980,1879.729980,1879.729980,476600
2017-10-31,1884.939941,1913.520020,1870.000000,1911.959961,1911.959961,420000
2017-11-01,1918.469971,1927.729980,1910.939941,1913.060059,1913.060059,379000
2017-11-02,1910.829956,1917.520020,1903.689941,1911.140015,1911.140015,293800
2017-11-03,1914.010010,1916.800049,1893.569946,1894.489990,1894.489990,485000
2017-11-06,1885.550049,1904.979980,1875.560059,1903.000000,1903.000000,1021800
2017-11-07,1746.699951,1748.000000,1638.099976,1645.719971,1645.719971,3325100
2017-11-08,1650.000000,1669.979980,1630.560059,1661.109985,1661.109985,1332400
2017-11-09,1656.930054,1707.219971,1640.180054,1703.140015,1703.140015,1241800
2017-11-10,1700.000000,1709.520020,1682.689941,1697.250000,1697.250000,725500
2017-11-13,1688.400024,1722.349976,1683.280029,1722.150024,1722.150024,506800
2017-11-14,1710.020020,1728.260010,1709.979980,1719.500000,1719.500000,525400
2017-11-15,1715.780029,1730.030029,1706.030029,1726.780029,1726.780029,525400
2017-11-16,1735.540039,1741.920044,1727.459961,1731.650024,1731.650024,522000
2017-11-17,1731.000000,1749.599976,1727.339966,1747.219971,1747.219971,504400
2017-11-20,1750.989990,1773.079956,1747.880005,1754.020020,1754.020020,513200
2017-11-21,1766.510010,1771.410034,1758.000000,1766.670044,1766.670044,539400
2017-11-22,1771.589966,1774.849976,1756.030029,1759.189941,1759.189941,369300
2017-11-24,1758.170044,1765.750000,1754.380005,1758.420044,1758.420044,186600
2017-11-27,1760.150024,1777.079956,1746.390015,1763.400024,1763.400024,443200
2017-11-28,1763.319946,1767.359985,1750.109985,1752.020020,1752.020020,352500
2017-11-29,1753.130005,1753.130005,1717.969971,1734.449951,1734.449951,540400
2017-11-30,1740.949951,1750.219971,1729.510010,1739.709961,1739.709961,443700
2017-12-01,1726.800049,1736.489990,1704.119995,1735.300049,1735.300049,397700
2017-12-04,1740.000000,1749.819946,1721.300049,1723.239990,1723.239990,502800
2017-12-05,1725.819946,1741.069946,1721.439941,1724.880005,1724.880005,380300
2017-12-06,1716.709961,1727.380005,1701.900024,1719.040039,1719.040039,397600
2017-12-07,1705.890015,1722.290039,1690.339966,1719.619995,1719.619995,504200
2017-12-08,1729.599976,1739.780029,1715.829956,1719.839966,1719.839966,385800
2017-12-11,1720.709961,1733.000000,1712.739990,1715.520020,1715.520020,325700
2017-12-12,1715.000000,1733.400024,1713.540039,1723.719971,1723.719971,457200
2017-12-13,1732.000000,1746.109985,1725.170044,1742.609985,1742.609985,386000
2017-12-14,1744.989990,1768.530029,1742.670044,1760.920044,1760.920044,458800
2017-12-15,1770.050049,1775.729980,1758.380005,1760.000000,1760.000000,610700
2017-12-18,1776.869995,1786.750000,1767.599976,1781.349976,1781.349976,392800
2017-12-19,1783.109985,1793.569946,1768.959961,1780.619995,1780.619995,381700
2017-12-20,1782.900024,1786.540039,1770.650024,1774.000000,1774.000000,406300
2017-12-21,1775.140015,1788.949951,1773.030029,1778.790039,1778.790039,246600
2017-12-22,1778.369995,1786.229980,1773.089966,1775.260010,1775.260010,215300
2017-12-26,1772.319946,1775.260010,1752.650024,1755.319946,1755.319946,231900
2017-12-27,1754.239990,1761.819946,1748.869995,1757.880005,1757.880005,222600
2017-12-28,1758.400024,1764.989990,1754.369995,1764.089966,1764.089966,168900
2017-12-29,1765.439941,1769.989990,1737.410034,1737.739990,1737.739990,298000
2018-01-02,1750.089966,1790.660034,1744.500000,1784.750000,1784.750000,475500
2018-01-03,1790.229980,1829.020020,1785.000000,1824.160034,1824.160034,525000
2018-01-04,1838.540039,1848.900024,1802.030029,1807.250000,1807.250000,592600
2018-01-05,1820.180054,1825.500000,1805.800049,1823.540039,1823.540039,358600
2018-01-08,1827.489990,1874.949951,1825.189941,1851.810059,1851.810059,555600
2018-01-09,1863.199951,1876.729980,1857.500000,1865.290039,1865.290039,368800
2018-01-10,1855.520020,1873.550049,1855.420044,1872.910034,1872.910034,274200
2018-01-11,1880.000000,1900.859985,1877.880005,1893.099976,1893.099976,385900
2018-01-12,1898.040039,1925.979980,1890.010010,1919.400024,1919.400024,555300
2018-01-16,1930.709961,1949.829956,1914.959961,1919.469971,1919.469971,604900
2018-01-17,1927.550049,1958.959961,1918.680054,1949.900024,1949.900024,515700
2018-01-18,1948.650024,1957.489990,1925.969971,1926.709961,1926.709961,398600
2018-01-19,1931.479980,1933.800049,1901.030029,1910.209961,1910.209961,634500
2018-01-22,1910.000000,1926.689941,1901.000000,1915.770020,1915.770020,398200
2018-01-23,1927.550049,1969.359985,1924.989990,1962.939941,1962.939941,472000
2018-01-24,1977.910034,1984.939941,1942.650024,1955.239990,1955.239990,405300
2018-01-25,1966.880005,1976.599976,1945.469971,1949.670044,1949.670044,329900
2018-01-26,1960.989990,1964.959961,1944.959961,1950.479980,1950.479980,380500
2018-01-29,1942.670044,1960.459961,1921.250000,1929.229980,1929.229980,448800
2018-01-30,1907.119995,1933.130005,1900.329956,1921.530029,1921.530029,382300
2018-01-31,1928.010010,1934.969971,1896.000000,1912.050049,1912.050049,452800
2018-02-01,1903.989990,1928.839966,1893.390015,1903.689941,1903.689941,360000
2018-02-02,1890.130005,1900.000000,1856.569946,1859.099976,1859.099976,513800
2018-02-05,1841.300049,1872.609985,1816.500000,1825.930054,1825.930054,548200
2018-02-06,1800.010010,1864.000000,1800.010010,1858.660034,1858.660034,564500
2018-02-07,1847.390015,1900.369995,1836.680054,1882.680054,1882.680054,491200
2018-02-08,1884.209961,1889.280029,1803.010010,1806.060059,1806.060059,677100
2018-02-09,1767.979980,1824.000000,1714.069946,1765.000000,1765.000000,1137500
2018-02-12,1773.989990,1801.689941,1732.349976,1790.000000,1790.000000,682300
2018-02-13,1779.229980,1804.829956,1762.000000,1797.859985,1797.859985,375200
2018-02-14,1784.219971,1825.829956,1773.020020,1818.410034,1818.410034,452400
2018-02-15,1850.859985,1875.819946,1836.089966,1870.250000,1870.250000,491300
2018-02-16,1874.619995,1926.869995,1868.680054,1885.000000,1885.000000,559100
2018-02-20,1883.069946,1915.319946,1880.930054,1894.619995,1894.619995,408000
2018-02-21,1913.420044,1916.040039,1880.660034,1880.680054,1880.680054,518700
2018-02-22,1884.189941,1907.750000,1870.719971,1877.140015,1877.140015,432300
2018-02-23,1889.729980,1907.810059,1875.160034,1907.020020,1907.020020,555300
2018-02-26,1905.949951,1923.219971,1897.660034,1905.640015,1905.640015,570100
2018-02-27,1884.000000,1919.750000,1870.020020,1905.010010,1905.010010,661900
2018-02-28,2051.000000,2087.340088,2034.040039,2034.040039,2034.040039,1441100
2018-03-01,2034.609985,2053.540039,1998.829956,2028.369995,2028.369995,837500
2018-03-02,2002.819946,2037.869995,1995.579956,2033.790039,2033.790039,642400
2018-03-05,2020.000000,2077.000000,2014.890015,2072.659912,2072.659912,614800
2018-03-06,2075.100098,2095.870117,2058.810059,2085.510010,2085.510010,533100
2018-03-07,2065.000000,2127.959961,2065.000000,2122.929932,2122.929932,580300
2018-03-08,2137.989990,2169.149902,2130.679932,2150.080078,2150.080078,584400
2018-03-09,2169.000000,2177.959961,2159.070068,2170.610107,2170.610107,489400
2018-03-12,2180.000000,2218.100098,2174.070068,2206.090088,2206.090088,529700
2018-03-13,2210.929932,2228.989990,2162.179932,2170.000000,2170.000000,519200
2018-03-14,2175.550049,2194.580078,2162.330078,2188.899902,2188.899902,344500
2018-03-15,2190.010010,2207.570068,2171.100098,2187.770020,2187.770020,336000
2018-03-16,2196.189941,2198.580078,2169.770020,2171.489990,2171.489990,474000
2018-03-19,2161.620117,2165.760010,2124.889893,2146.889893,2146.889893,450800
2018-03-20,2139.449951,2167.689941,2138.030029,2139.110107,2139.110107,256800
2018-03-21,2142.300049,2165.820068,2134.580078,2144.979980,2144.979980,297200
2018-03-22,2132.889893,2154.540039,2101.830078,2113.800049,2113.800049,443300
2018-03-23,2116.239990,2138.989990,2086.139893,2087.010010,2087.010010,412500
2018-03-26,2111.219971,2142.379883,2079.020020,2133.709961,2133.709961,292700
2018-03-27,2137.429932,2140.239990,2056.510010,2077.560059,2077.560059,428800
2018-03-28,2066.979980,2083.919922,2020.699951,2054.689941,2054.689941,632500
2018-03-29,2059.669922,2094.179932,2040.719971,2080.389893,2080.389893,395800
2018-04-02,2070.429932,2074.010010,2009.920044,2030.859985,2030.859985,372300
2018-04-03,2050.000000,2079.989990,2036.069946,2067.570068,2067.570068,378400
2018-04-04,2043.209961,2081.879883,2014.180054,2071.010010,2071.010010,385500
2018-04-05,2077.530029,2102.459961,2071.000000,2091.090088,2091.090088,320100
2018-04-06,2074.899902,2095.610107,2025.540039,2033.410034,2033.410034,350400
2018-04-09,2053.739990,2088.810059,2045.000000,2048.739990,2048.739990,355500
2018-04-10,2076.020020,2087.229980,2058.000000,2077.590088,2077.590088,291200
2018-04-11,2067.639893,2104.780029,2065.040039,2080.649902,2080.649902,306700
2018-04-12,2094.449951,2102.649902,2082.149902,2085.810059,2085.810059,240300
2018-04-13,2104.669922,2104.669922,2077.320068,2085.860107,2085.860107,262000
2018-04-16,2094.110107,2117.639893,2085.770020,2096.590088,2096.590088,194400
2018-04-17,2119.899902,2172.000000,2112.500000,2162.310059,2162.310059,438200
2018-04-18,2171.620117,2186.050049,2156.219971,2180.600098,2180.600098,297200
2018-04-19,2175.489990,2186.050049,2155.969971,2158.949951,2158.949951,264900
2018-04-20,2161.030029,2167.479980,2118.620117,2131.370117,2131.370117,414700
2018-04-23,2133.100098,2150.300049,2112.689941,2133.689941,2133.689941,253500
2018-04-24,2137.610107,2151.979980,2055.129883,2067.290039,2067.290039,393500
2018-04-25,2061.120117,2089.840088,2034.560059,2077.610107,2077.610107,267800
2018-04-26,2098.010010,2116.149902,2078.010010,2111.800049,2111.800049,356000
2018-04-27,2146.020020,2172.000000,2123.090088,2141.719971,2141.719971,458200
2018-04-30,2143.649902,2193.060059,2133.810059,2178.000000,2178.000000,468000
2018-05-01,2170.399902,2182.340088,2151.790039,2179.389893,2179.389893,279100
2018-05-02,2176.270020,2185.699951,2148.989990,2149.820068,2149.820068,268100
2018-05-03,2149.000000,2161.449951,2116.699951,2152.209961,2152.209961,271000
2018-05-04,2148.600098,2178.820068,2126.000000,2175.709961,2175.709961,302900
2018-05-07,2189.899902,2201.840088,2172.590088,2194.959961,2194.959961,344900
2018-05-08,2174.350098,2198.800049,2155.000000,2161.600098,2161.600098,394400
2018-05-09,2185.000000,2191.580078,2158.260010,2183.590088,2183.590088,635900
2018-05-10,2050.000000,2098.429932,2047.010010,2080.020020,2080.020020,1134500
2018-05-11,2092.320068,2095.000000,2063.929932,2071.989990,2071.989990,479000
2018-05-14,2066.719971,2074.620117,2055.020020,2072.020020,2072.020020,443800
2018-05-15,2054.100098,2071.149902,2034.670044,2067.750000,2067.750000,400700
2018-05-16,2070.340088,2092.709961,2065.570068,2074.590088,2074.590088,280300
2018-05-17,2073.510010,2098.459961,2069.290039,2089.110107,2089.110107,303500
2018-05-18,2097.909912,2097.909912,2066.340088,2066.340088,2066.340088,277300
2018-05-21,2076.370117,2078.469971,2062.510010,2071.560059,2071.560059,346600
2018-05-22,2076.030029,2082.479980,2065.110107,2077.189941,2077.189941,296500
2018-05-23,2056.050049,2086.510010,2053.000000,2085.250000,2085.250000,410700
2018-05-24,2087.000000,2095.510010,2074.949951,2088.280029,2088.280029,279600
2018-05-25,2084.000000,2118.909912,2081.070068,2110.620117,2110.620117,344500
2018-05-29,2094.719971,2105.100098,2059.100098,2076.030029,2076.030029,487700
2018-05-30,2086.409912,2108.409912,2073.729980,2098.000000,2098.000000,342700
2018-05-31,2100.020020,2118.010010,2097.600098,2108.919922,2108.919922,354000
2018-06-01,2120.989990,2135.429932,2118.050049,2128.939941,2128.939941,301500
2018-06-04,2134.000000,2145.919922,2125.260010,2125.800049,2125.800049,284700
2018-06-05,2131.949951,2144.889893,2126.000000,2140.989990,2140.989990,339900
2018-06-06,2145.850098,2156.459961,2129.030029,2153.780029,2153.780029,297700
2018-06-07,2157.159912,2157.159912,2121.919922,2131.979980,2131.979980,293800
2018-06-08,2127.709961,2143.699951,2122.129883,2136.540039,2136.540039,255800
2018-06-11,2139.000000,2139.360107,2120.919922,2124.290039,2124.290039,235300
2018-06-12,2126.090088,2133.659912,2121.989990,2132.000000,2132.000000,255800
2018-06-13,2134.030029,2134.030029,2103.120117,2106.360107,2106.360107,457300
2018-06-14,2114.500000,2129.989990,2111.310059,2123.060059,2123.060059,387600
2018-06-15,2126.070068,2145.820068,2112.120117,2141.449951,2141.449951,516000
2018-06-18,2126.560059,2153.830078,2120.889893,2145.219971,2145.219971,287800
2018-06-19,2123.760010,2146.729980,2116.159912,2139.260010,2139.260010,358900
2018-06-20,2149.000000,2162.909912,2138.030029,2145.770020,2145.770020,348100
2018-06-21,2145.540039,2152.469971,2118.030029,2122.489990,2122.489990,315300
2018-06-22,2130.040039,2132.550049,2095.969971,2102.850098,2102.850098,369200
2018-06-25,2091.260010,2093.409912,2031.020020,2050.520020,2050.520020,453700
2018-06-26,2048.000000,2062.350098,2032.979980,2040.380005,2040.380005,357500
2018-06-27,2048.929932,2060.320068,2001.310059,2001.500000,2001.500000,449600
2018-06-28,1997.000000,2025.609985,1980.000000,2019.489990,2019.489990,357200
2018-06-29,2035.949951,2049.479980,2023.869995,2027.089966,2027.089966,348400
2018-07-02,2012.670044,2061.610107,1993.849976,2047.939941,2047.939941,294400
2018-07-03,2060.149902,2072.739990,2050.899902,2060.229980,2060.229980,208800
2018-07-05,2072.949951,2075.149902,2050.989990,2069.149902,2069.149902,248200
2018-07-06,2077.000000,2089.610107,2063.419922,2086.929932,2086.929932,252800
2018-07-09,2094.850098,2099.060059,2076.959961,2081.649902,2081.649902,285300
2018-07-10,2085.949951,2087.780029,2055.409912,2064.040039,2064.040039,285100
2018-07-11,2056.860107,2058.979980,2027.020020,2052.850098,2052.850098,332700
2018-07-12,2062.429932,2070.040039,2042.410034,2057.110107,2057.110107,357100
2018-07-13,2052.979980,2053.260010,2028.079956,2031.439941,2031.439941,271300
2018-07-16,2030.979980,2033.900024,2015.260010,2020.000000,2020.000000,411200
2018-07-17,2000.599976,2046.579956,2000.020020,2030.520020,2030.520020,352500
2018-07-18,2024.589966,2034.979980,2014.150024,2023.910034,2023.910034,265800
2018-07-19,2016.369995,2020.689941,2002.560059,2010.599976,2010.599976,347100
2018-07-20,2008.790039,2025.670044,2002.349976,2009.670044,2009.670044,359300
2018-07-23,2005.989990,2010.550049,1985.000000,1995.969971,1995.969971,330000
2018-07-24,2009.000000,2049.989990,2008.750000,2026.250000,2026.250000,338000
2018-07-25,2029.479980,2067.989990,2029.000000,2065.689941,2065.689941,338800
2018-07-26,2067.919922,2085.939941,2041.010010,2083.129883,2083.129883,454900
2018-07-27,2118.560059,2131.899902,2060.189941,2085.030029,2085.030029,520700
2018-07-30,2089.000000,2095.629883,2027.300049,2029.900024,2029.900024,375900
2018-07-31,2032.359985,2042.550049,2007.430054,2028.719971,2028.719971,280500
2018-08-01,2030.650024,2049.000000,2011.349976,2023.130005,2023.130005,290200
2018-08-02,2011.189941,2038.000000,1997.000000,2033.069946,2033.069946,375500
2018-08-03,2035.770020,2039.989990,2020.699951,2029.709961,2029.709961,303400
2018-08-06,2032.000000,2087.820068,2026.630005,2075.850098,2075.850098,403700
2018-08-07,2093.000000,2109.000000,2076.000000,2077.989990,2077.989990,398400
2018-08-08,2077.870117,2084.899902,2041.640015,2045.000000,2045.000000,555700
2018-08-09,1911.000000,1956.739990,1901.000000,1942.390015,1942.390015,1680200
2018-08-10,1909.849976,1919.439941,1890.099976,1897.660034,1897.660034,936400
2018-08-13,1901.719971,1904.900024,1852.180054,1854.260010,1854.260010,658500
2018-08-14,1863.140015,1867.930054,1832.430054,1833.550049,1833.550049,688600
2018-08-15,1819.949951,1872.219971,1815.500000,1863.489990,1863.489990,686200
2018-08-16,1873.000000,1884.560059,1822.119995,1824.989990,1824.989990,941400
2018-08-17,1822.150024,1842.660034,1816.040039,1840.680054,1840.680054,615300
2018-08-20,1844.260010,1878.739990,1840.640015,1858.599976,1858.599976,493300
2018-08-21,1874.000000,1901.599976,1871.000000,1898.079956,1898.079956,557400
2018-08-22,1899.439941,1926.390015,1898.089966,1917.000000,1917.000000,461500
2018-08-23,1910.020020,1930.000000,1892.310059,1894.900024,1894.900024,427000
2018-08-24,1900.410034,1919.189941,1900.410034,1903.339966,1903.339966,411400
2018-08-27,1913.989990,1938.790039,1913.989990,1935.699951,1935.699951,340700
2018-08-28,1943.709961,1944.500000,1925.020020,1931.229980,1931.229980,265100
2018-08-29,1929.469971,1953.270020,1929.469971,1944.030029,1944.030029,271400
2018-08-30,1939.609985,1957.939941,1931.739990,1944.000000,1944.000000,266900
2018-08-31,1938.869995,1952.890015,1938.869995,1951.550049,1951.550049,304700
2018-09-04,1950.609985,1951.050049,1921.400024,1925.359985,1925.359985,389500
2018-09-05,1927.969971,1927.969971,1889.609985,1892.180054,1892.180054,530100
2018-09-06,1890.880005,1910.829956,1871.859985,1909.500000,1909.500000,411900
2018-09-07,1895.489990,1922.979980,1889.599976,1901.810059,1901.810059,348200
2018-09-10,1915.069946,1916.020020,1871.910034,1875.760010,1875.760010,391000
2018-09-11,1869.869995,1887.579956,1846.359985,1880.930054,1880.930054,376200
2018-09-12,1873.410034,1889.530029,1867.170044,1876.079956,1876.079956,503600
2018-09-13,1889.150024,1909.260010,1876.400024,1882.609985,1882.609985,393400
2018-09-14,1887.180054,1918.709961,1883.380005,1916.270020,1916.270020,392000
2018-09-17,1917.939941,1919.939941,1879.319946,1890.760010,1890.760010,417600
2018-09-18,1896.660034,1918.040039,1888.849976,1911.109985,1911.109985,298700
2018-09-19,1900.949951,1933.280029,1888.390015,1926.780029,1926.780029,268300
2018-09-20,1939.989990,1958.599976,1933.010010,1947.739990,1947.739990,328400
2018-09-21,1956.000000,1962.119995,1939.609985,1956.739990,1956.739990,597400
2018-09-24,1938.000000,1973.069946,1923.359985,1958.760010,1958.760010,438500
2018-09-25,1964.209961,1972.609985,1952.209961,1955.010010,1955.010010,380000
2018-09-26,1960.229980,1986.439941,1953.400024,1967.510010,1967.510010,303600
2018-09-27,1974.800049,1989.790039,1965.979980,1969.339966,1969.339966,345800
2018-09-28,1974.619995,1990.739990,1964.619995,1984.000000,1984.000000,416600
2018-10-01,1997.729980,2017.109985,1987.329956,1989.209961,1989.209961,311000
2018-10-02,1979.989990,1996.400024,1976.189941,1976.589966,1976.589966,297300
2018-10-03,1983.060059,1987.510010,1972.000000,1972.630005,1972.630005,350800
2018-10-04,1965.000000,1969.989990,1929.890015,1933.400024,1933.400024,443400
2018-10-05,1932.969971,1939.469971,1900.119995,1903.839966,1903.839966,387600
2018-10-08,1895.000000,1916.900024,1880.979980,1900.900024,1900.900024,323500
2018-10-09,1901.000000,1915.660034,1869.209961,1870.500000,1870.500000,327800
2018-10-10,1865.000000,1865.739990,1785.459961,1788.739990,1788.739990,635300
2018-10-11,1779.619995,1808.020020,1757.160034,1781.709961,1781.709961,613000
2018-10-12,1814.869995,1829.050049,1791.780029,1807.170044,1807.170044,698600
2018-10-15,1803.579956,1826.250000,1790.020020,1811.329956,1811.329956,407100
2018-10-16,1825.000000,1835.640015,1819.900024,1830.270020,1830.270020,359400
2018-10-17,1834.400024,1858.290039,1823.500000,1850.510010,1850.510010,326600
2018-10-18,1853.109985,1859.000000,1808.089966,1811.709961,1811.709961,351800
2018-10-19,1817.290039,1836.020020,1796.000000,1805.739990,1805.739990,262100
2018-10-22,1810.880005,1851.119995,1807.369995,1827.290039,1827.290039,269200
2018-10-23,1787.040039,1841.520020,1785.670044,1830.000000,1830.000000,404800
2018-10-24,1828.209961,1847.209961,1745.630005,1753.579956,1753.579956,533500
2018-10-25,1770.790039,1814.680054,1760.010010,1804.530029,1804.530029,470400
2018-10-26,1790.000000,1801.199951,1751.079956,1770.810059,1770.810059,525800
2018-10-29,1800.780029,1840.800049,1759.819946,1788.030029,1788.030029,466700
2018-10-30,1790.400024,1855.109985,1775.000000,1836.000000,1836.000000,433000
2018-10-31,1849.000000,1898.040039,1845.130005,1874.579956,1874.579956,463700
2018-11-01,1882.729980,1908.089966,1868.660034,1896.089966,1896.089966,349200
2018-11-02,1901.479980,1904.959961,1856.880005,1875.010010,1875.010010,354000
2018-11-05,1873.760010,1885.150024,1838.589966,1871.119995,1871.119995,679500
2018-11-06,1988.540039,2009.989990,1946.219971,1949.459961,1949.459961,901000
2018-11-07,1973.250000,2015.650024,1965.880005,1998.170044,1998.170044,616500
2018-11-08,1991.119995,2019.479980,1975.069946,1977.609985,1977.609985,418600
2018-11-09,1967.500000,1973.849976,1922.209961,1937.640015,1937.640015,370500
2018-11-12,1928.130005,1938.920044,1891.859985,1906.280029,1906.280029,400900
2018-11-13,1916.089966,1931.089966,1904.229980,1910.079956,1910.079956,410400
2018-11-14,1932.589966,1935.000000,1885.109985,1888.369995,1888.369995,301000
2018-11-15,1872.010010,1899.130005,1840.449951,1888.869995,1888.869995,366900
2018-11-16,1864.949951,1874.560059,1831.500000,1855.319946,1855.319946,334700
2018-11-19,1854.650024,1875.000000,1779.819946,1780.000000,1780.000000,558500
2018-11-20,1761.300049,1780.640015,1726.780029,1750.430054,1750.430054,829900
2018-11-21,1779.280029,1788.839966,1756.770020,1760.400024,1760.400024,368800
2018-11-23,1750.719971,1776.410034,1737.260010,1764.079956,1764.079956,160600
2018-11-26,1778.089966,1818.709961,1766.770020,1802.439941,1802.439941,451900
2018-11-27,1793.569946,1832.410034,1789.780029,1824.609985,1824.609985,397000
2018-11-28,1828.260010,1875.910034,1816.550049,1869.449951,1869.449951,348500
2018-11-29,1866.000000,1885.150024,1859.709961,1865.150024,1865.150024,358100
2018-11-30,1868.319946,1897.109985,1852.800049,1891.880005,1891.880005,361000
2018-12-03,1925.469971,1945.839966,1915.359985,1919.699951,1919.699951,535500
2018-12-04,1917.800049,1925.540039,1852.930054,1863.140015,1863.140015,355400
2018-12-06,1839.640015,1889.510010,1817.880005,1882.239990,1882.239990,396800
2018-12-07,1867.219971,1882.160034,1814.989990,1834.510010,1834.510010,409400
2018-12-10,1833.040039,1852.839966,1811.260010,1826.010010,1826.010010,431700
2018-12-11,1839.829956,1877.989990,1834.310059,1852.349976,1852.349976,264200
2018-12-12,1884.140015,1894.020020,1842.000000,1856.150024,1856.150024,325900
2018-12-13,1864.599976,1865.609985,1821.280029,1833.069946,1833.069946,361600
2018-12-14,1806.900024,1833.280029,1796.540039,1807.140015,1807.140015,399100
2018-12-17,1796.660034,1806.959961,1701.010010,1739.520020,1739.520020,632900
2018-12-18,1752.229980,1799.640015,1737.000000,1769.420044,1769.420044,391900
2018-12-19,1769.420044,1806.640015,1706.750000,1736.630005,1736.630005,524100
2018-12-20,1727.010010,1740.010010,1685.760010,1705.180054,1705.180054,473800
2018-12-21,1704.619995,1715.890015,1617.160034,1633.390015,1633.390015,1043700
2018-12-24,1621.680054,1649.089966,1606.270020,1616.829956,1616.829956,387200
2018-12-26,1629.239990,1705.010010,1626.400024,1703.250000,1703.250000,413600
2018-12-27,1669.780029,1719.680054,1666.880005,1717.800049,1717.800049,316500
2018-12-28,1724.900024,1734.250000,1701.760010,1715.829956,1715.829956,281000
2018-12-31,1730.479980,1739.699951,1712.489990,1722.420044,1722.420044,280200
2019-01-02,1691.250000,1736.770020,1690.839966,1721.699951,1721.699951,312600
2019-01-03,1704.650024,1712.680054,1657.979980,1663.119995,1663.119995,445200
2019-01-04,1686.119995,1737.079956,1678.619995,1717.550049,1717.550049,541000
2019-01-07,1721.739990,1731.400024,1703.599976,1711.819946,1711.819946,334800
2019-01-08,1730.040039,1755.989990,1681.150024,1686.920044,1686.920044,652400
2019-01-09,1642.349976,1682.880005,1637.020020,1649.489990,1649.489990,786300
2019-01-10,1640.000000,1685.979980,1640.000000,1677.329956,1677.329956,459700
2019-01-11,1670.589966,1678.050049,1654.930054,1665.890015,1665.890015,331200
2019-01-14,1647.560059,1708.829956,1645.000000,1692.880005,1692.880005,439200
2019-01-15,1695.000000,1704.180054,1681.560059,1698.310059,1698.310059,436100
2019-01-16,1693.420044,1698.219971,1676.540039,1680.569946,1680.569946,503700
2019-01-17,1681.729980,1737.910034,1676.540039,1724.510010,1724.510010,363200
2019-01-18,1747.020020,1776.839966,1737.500000,1760.260010,1760.260010,552600
2019-01-22,1743.180054,1759.670044,1691.479980,1708.979980,1708.979980,758000
2019-01-23,1717.250000,1746.579956,1715.109985,1744.310059,1744.310059,437900
2019-01-24,1748.979980,1805.180054,1748.880005,1795.670044,1795.670044,695700
2019-01-25,1811.989990,1834.079956,1799.010010,1802.199951,1802.199951,483200
2019-01-28,1787.619995,1835.000000,1780.180054,1813.599976,1813.599976,387800
2019-01-29,1816.619995,1820.400024,1794.199951,1808.800049,1808.800049,212300
2019-01-30,1825.329956,1835.479980,1805.579956,1818.699951,1818.699951,300500
2019-01-31,1820.369995,1851.180054,1820.369995,1832.810059,1832.810059,314900
2019-02-01,1824.050049,1862.069946,1821.150024,1836.959961,1836.959961,278200
2019-02-04,1840.390015,1862.260010,1837.939941,1860.989990,1860.989990,319500
2019-02-05,1887.530029,1916.229980,1879.930054,1902.260010,1902.260010,487900
2019-02-06,1895.939941,1910.000000,1874.780029,1906.930054,1906.930054,243000
2019-02-07,1892.099976,1900.650024,1862.010010,1877.060059,1877.060059,362600
2019-02-08,1892.369995,1899.989990,1862.010010,1871.089966,1871.089966,276000
2019-02-11,1873.130005,1880.689941,1856.989990,1865.000000,1865.000000,327700
2019-02-12,1876.829956,1900.000000,1861.709961,1895.290039,1895.290039,262200
2019-02-13,1899.290039,1924.000000,1898.770020,1919.969971,1919.969971,277300
2019-02-14,1909.880005,1922.630005,1901.000000,1902.329956,1902.329956,208900
2019-02-15,1925.329956,1934.650024,1898.569946,1933.569946,1933.569946,331800
2019-02-19,1927.560059,1951.859985,1909.180054,1935.500000,1935.500000,338400
2019-02-20,1936.510010,1944.989990,1920.000000,1926.170044,1926.170044,322200
2019-02-21,1924.650024,1932.650024,1900.290039,1906.310059,1906.310059,414100
2019-02-22,1920.380005,1923.910034,1897.209961,1910.520020,1910.520020,385800
2019-02-25,1928.630005,1934.829956,1885.829956,1890.030029,1890.030029,454100
2019-02-26,1885.829956,1919.829956,1885.829956,1915.729980,1915.729980,366000
2019-02-27,1906.000000,1952.250000,1897.010010,1906.000000,1906.000000,750600
2019-02-28,1754.000000,1763.890015,1692.000000,1697.040039,1697.040039,1989800
2019-03-01,1708.199951,1726.329956,1698.000000,1714.079956,1714.079956,1248100
2019-03-04,1723.660034,1730.000000,1690.040039,1707.819946,1707.819946,1043400
2019-03-05,1715.000000,1748.729980,1709.369995,1745.930054,1745.930054,619600
2019-03-06,1748.369995,1765.819946,1745.290039,1751.619995,1751.619995,621400
2019-03-07,1746.500000,1756.709961,1719.280029,1725.010010,1725.010010,598900
2019-03-08,1708.040039,1719.510010,1692.930054,1715.819946,1715.819946,773200
2019-03-11,1721.689941,1723.989990,1693.319946,1709.900024,1709.900024,681200
2019-03-12,1709.719971,1740.380005,1689.439941,1736.000000,1736.000000,699300
2019-03-13,1740.439941,1769.839966,1739.609985,1760.709961,1760.709961,680900
2019-03-14,1768.829956,1782.170044,1738.729980,1743.880005,1743.880005,520700
2019-03-15,1751.790039,1758.069946,1744.219971,1752.170044,1752.170044,760100
2019-03-18,1757.709961,1765.599976,1752.810059,1756.329956,1756.329956,403000
2019-03-19,1751.050049,1787.300049,1740.140015,1764.030029,1764.030029,499100
2019-03-20,1766.780029,1780.989990,1751.130005,1774.430054,1774.430054,389200
2019-03-21,1765.800049,1784.650024,1761.010010,1774.359985,1774.359985,400000
2019-03-22,1754.040039,1761.180054,1711.089966,1721.589966,1721.589966,656100
2019-03-25,1714.010010,1759.880005,1712.709961,1752.390015,1752.390015,559700
2019-03-26,1761.199951,1783.859985,1759.219971,1768.869995,1768.869995,462400
2019-03-27,1768.979980,1786.959961,1746.209961,1752.109985,1752.109985,355500
2019-03-28,1759.989990,1765.579956,1727.239990,1728.890015,1728.890015,417300
2019-03-29,1736.599976,1756.530029,1733.430054,1744.910034,1744.910034,440100
2019-04-01,1755.079956,1771.969971,1748.099976,1759.229980,1759.229980,502400
2019-04-02,1766.030029,1771.569946,1751.239990,1763.550049,1763.550049,492600
2019-04-03,1778.469971,1796.140015,1769.010010,1774.930054,1774.930054,486200
2019-04-04,1775.310059,1791.189941,1767.500000,1780.599976,1780.599976,373200
2019-04-05,1788.030029,1788.030029,1768.380005,1769.449951,1769.449951,365800
2019-04-08,1767.920044,1793.089966,1766.400024,1788.719971,1788.719971,324000
2019-04-09,1776.750000,1796.880005,1767.650024,1794.469971,1794.469971,378500
2019-04-10,1793.849976,1808.979980,1772.010010,1806.000000,1806.000000,392700
2019-04-11,1810.000000,1823.400024,1806.150024,1818.589966,1818.589966,421000
2019-04-12,1827.869995,1848.000000,1827.140015,1833.069946,1833.069946,413500
2019-04-15,1834.000000,1848.140015,1825.949951,1846.229980,1846.229980,386300
2019-04-16,1851.800049,1863.300049,1839.140015,1841.699951,1841.699951,416500
2019-04-17,1848.630005,1856.229980,1837.609985,1839.790039,1839.790039,324200
2019-04-18,1847.640015,1854.229980,1839.839966,1844.310059,1844.310059,344600
2019-04-22,1833.930054,1853.199951,1831.040039,1844.170044,1844.170044,315900
2019-04-23,1849.229980,1895.280029,1847.339966,1887.729980,1887.729980,549300
2019-04-24,1887.140015,1893.979980,1863.599976,1867.280029,1867.280029,506600
2019-04-25,1870.650024,1884.810059,1856.930054,1866.260010,1866.260010,384400
2019-04-26,1868.099976,1883.500000,1850.010010,1868.000000,1868.000000,541100
2019-04-29,1869.810059,1885.000000,1865.619995,1876.319946,1876.319946,432900
2019-04-30,1872.000000,1889.099976,1852.199951,1854.989990,1854.989990,422400
2019-05-01,1857.569946,1865.489990,1828.189941,1829.520020,1829.520020,407400
2019-05-02,1824.660034,1830.430054,1800.180054,1808.000000,1808.000000,529000
2019-05-03,1816.170044,1829.959961,1814.250000,1824.069946,1824.069946,496100
2019-05-06,1798.959961,1811.699951,1782.030029,1800.510010,1800.510010,540100
2019-05-07,1781.449951,1800.579956,1771.209961,1785.000000,1785.000000,477200
2019-05-08,1765.010010,1771.619995,1746.000000,1751.630005,1751.630005,464600
2019-05-09,1729.430054,1751.099976,1715.010010,1736.030029,1736.030029,627900
2019-05-10,1825.000000,1860.000000,1765.619995,1829.849976,1829.849976,1168400
2019-05-13,1800.000000,1814.290039,1770.000000,1777.260010,1777.260010,493000
2019-05-14,1787.119995,1814.800049,1781.699951,1793.670044,1793.670044,410400
2019-05-15,1778.599976,1801.589966,1760.010010,1789.430054,1789.430054,380800
2019-05-16,1790.000000,1816.800049,1790.000000,1803.310059,1803.310059,305000
2019-05-17,1786.369995,1819.420044,1785.000000,1787.290039,1787.290039,346200
2019-05-20,1769.729980,1770.000000,1746.180054,1752.229980,1752.229980,352000
2019-05-21,1762.339966,1783.520020,1757.229980,1772.189941,1772.189941,340600
2019-05-22,1757.349976,1775.000000,1742.910034,1745.020020,1745.020020,367900
2019-05-23,1746.949951,1746.949951,1705.150024,1716.930054,1716.930054,483800
2019-05-24,1731.520020,1731.579956,1707.589966,1708.479980,1708.479980,269300
2019-05-28,1707.589966,1728.979980,1685.380005,1685.800049,1685.800049,390800
2019-05-29,1676.930054,1689.520020,1662.209961,1685.920044,1685.920044,317500
2019-05-30,1687.000000,1693.510010,1670.270020,1673.060059,1673.060059,265800
2019-05-31,1650.099976,1662.140015,1640.540039,1656.219971,1656.219971,366400
2019-06-03,1658.500000,1692.209961,1648.380005,1650.459961,1650.459961,462300
2019-06-04,1673.500000,1748.310059,1673.500000,1747.030029,1747.030029,648000
2019-06-05,1755.750000,1767.189941,1736.089966,1765.000000,1765.000000,388700
2019-06-06,1766.010010,1766.630005,1746.390015,1754.859985,1754.859985,335700
2019-06-07,1765.250000,1789.689941,1756.310059,1778.290039,1778.290039,337600
2019-06-10,1782.569946,1814.410034,1778.300049,1781.119995,1781.119995,298300
2019-06-11,1799.500000,1812.660034,1791.089966,1803.630005,1803.630005,351000
2019-06-12,1804.170044,1814.000000,1779.130005,1798.900024,1798.900024,212300
2019-06-13,1802.050049,1839.339966,1802.050049,1809.520020,1809.520020,319200
2019-06-14,1808.199951,1811.680054,1772.729980,1775.500000,1775.500000,325500
2019-06-17,1776.000000,1787.410034,1768.000000,1781.410034,1781.410034,281200
2019-06-18,1808.380005,1821.699951,1790.930054,1808.989990,1808.989990,412800
2019-06-19,1812.000000,1844.410034,1809.089966,1842.060059,1842.060059,420200
2019-06-20,1862.069946,1871.930054,1844.750000,1861.310059,1861.310059,545000
2019-06-21,1859.359985,1883.189941,1849.589966,1880.000000,1880.000000,755800
2019-06-24,1880.969971,1889.329956,1869.319946,1870.810059,1870.810059,351200
2019-06-25,1880.829956,1884.989990,1841.050049,1845.469971,1845.469971,322200
2019-06-26,1848.300049,1868.150024,1828.390015,1830.219971,1830.219971,277500
2019-06-27,1835.000000,1858.750000,1832.829956,1845.170044,1845.170044,427100
2019-06-28,1852.579956,1877.000000,1844.829956,1874.709961,1874.709961,613700
2019-07-01,1900.000000,1906.000000,1883.439941,1898.420044,1898.420044,454500
2019-07-02,1902.239990,1910.000000,1889.420044,1907.989990,1907.989990,222000
2019-07-03,1906.219971,1924.609985,1905.000000,1919.650024,1919.650024,172900
2019-07-05,1904.760010,1928.609985,1901.410034,1924.750000,1924.750000,170200
2019-07-08,1918.729980,1922.000000,1875.000000,1875.760010,1875.760010,343100
2019-07-09,1873.000000,1889.739990,1866.010010,1877.869995,1877.869995,360800
2019-07-10,1890.520020,1892.989990,1858.880005,1869.390015,1869.390015,319200
2019-07-11,1875.449951,1879.099976,1868.729980,1874.170044,1874.170044,270400
2019-07-12,1878.020020,1884.979980,1869.489990,1882.479980,1882.479980,268200
2019-07-15,1881.890015,1885.239990,1872.290039,1881.910034,1881.910034,284200
2019-07-16,1879.890015,1897.219971,1875.569946,1888.900024,1888.900024,259100
2019-07-17,1887.750000,1897.089966,1866.530029,1867.739990,1867.739990,284800
2019-07-18,1861.829956,1895.680054,1861.829956,1885.910034,1885.910034,230600
2019-07-19,1896.030029,1901.589966,1882.089966,1882.089966,1882.089966,198000
2019-07-22,1883.650024,1906.599976,1882.739990,1893.699951,1893.699951,279400
2019-07-23,1898.630005,1910.380005,1887.939941,1900.250000,1900.250000,219500
2019-07-24,1896.260010,1920.829956,1896.260010,1919.250000,1919.250000,212100
2019-07-25,1911.989990,1928.910034,1905.030029,1926.130005,1926.130005,248100
2019-07-26,1940.000000,1969.880005,1940.000000,1966.849976,1966.849976,381800
2019-07-29,1958.780029,1962.979980,1908.189941,1919.550049,1919.550049,304900
2019-07-30,1909.859985,1925.290039,1903.589966,1916.589966,1916.589966,207500
2019-07-31,1906.329956,1915.479980,1866.270020,1886.609985,1886.609985,270000
2019-08-01,1885.469971,1917.489990,1867.739990,1879.859985,1879.859985,238400
2019-08-02,1874.109985,1874.979980,1839.390015,1846.079956,1846.079956,304200
2019-08-05,1819.979980,1819.979980,1773.089966,1788.599976,1788.599976,431400
2019-08-06,1799.199951,1815.989990,1767.319946,1786.520020,1786.520020,393900
2019-08-07,1758.400024,1826.199951,1755.000000,1821.560059,1821.560059,542300
2019-08-08,1900.000000,1958.810059,1895.000000,1941.010010,1941.010010,797000
2019-08-09,1926.540039,1927.619995,1897.010010,1917.689941,1917.689941,402000
2019-08-12,1900.439941,1926.790039,1891.170044,1916.890015,1916.890015,281100
2019-08-13,1907.670044,1963.900024,1907.670044,1943.189941,1943.189941,384300
2019-08-14,1908.560059,1926.229980,1889.959961,1891.189941,1891.189941,440400
2019-08-15,1900.030029,1919.709961,1873.869995,1904.670044,1904.670044,290500
2019-08-16,1929.000000,1936.459961,1905.010010,1922.189941,1922.189941,240800
2019-08-19,1944.869995,1959.880005,1931.410034,1943.729980,1943.729980,283400
2019-08-20,1942.510010,1952.119995,1929.209961,1934.400024,1934.400024,230400
2019-08-21,1945.689941,1957.599976,1939.699951,1955.750000,1955.750000,203000
2019-08-22,1962.449951,1967.520020,1928.300049,1952.469971,1952.469971,204600
2019-08-23,1942.979980,1951.930054,1893.079956,1898.670044,1898.670044,303400
2019-08-26,1918.239990,1918.500000,1902.219971,1916.810059,1916.810059,219200
2019-08-27,1921.739990,1931.800049,1912.329956,1919.989990,1919.989990,276200
2019-08-28,1911.800049,1947.949951,1903.569946,1942.000000,1942.000000,228300
2019-08-29,1966.430054,1976.760010,1948.000000,1957.140015,1957.140015,312800
2019-08-30,1971.800049,1973.229980,1953.000000,1966.410034,1966.410034,270900
2019-09-03,1956.560059,1967.900024,1931.420044,1941.780029,1941.780029,341500
2019-09-04,1960.880005,1963.560059,1935.709961,1958.790039,1958.790039,280000
2019-09-05,1974.150024,2010.939941,1967.439941,1994.439941,1994.439941,440300
2019-09-06,2006.339966,2006.339966,1962.750000,1967.630005,1967.630005,413000
2019-09-09,1980.640015,1994.510010,1973.380005,1992.250000,1992.250000,369700
2019-09-10,1983.339966,2018.760010,1964.030029,2018.760010,2018.760010,456100
2019-09-11,2013.199951,2054.169922,2001.380005,2050.159912,2050.159912,399600
2019-09-12,2056.000000,2067.070068,2037.300049,2041.410034,2041.410034,442200
2019-09-13,2047.020020,2071.780029,2039.599976,2063.899902,2063.899902,392800
2019-09-16,2057.239990,2081.810059,2035.010010,2072.949951,2072.949951,393900
2019-09-17,2067.600098,2081.239990,2058.169922,2077.439941,2077.439941,263300
2019-09-18,2072.209961,2078.850098,2036.979980,2058.370117,2058.370117,185100
2019-09-19,2053.739990,2062.699951,2046.729980,2058.570068,2058.570068,256100
2019-09-20,2046.219971,2057.429932,2029.459961,2031.569946,2031.569946,507400
2019-09-23,2016.000000,2030.000000,2007.140015,2009.410034,2009.410034,315500
2019-09-24,2012.819946,2020.989990,1985.920044,1990.640015,1990.640015,282800
2019-09-25,1991.650024,2000.640015,1962.000000,1993.530029,1993.530029,333400
2019-09-26,1994.079956,1994.079956,1964.000000,1978.449951,1978.449951,307400
2019-09-27,1969.560059,1979.349976,1936.859985,1944.250000,1944.250000,305600
2019-09-30,1953.000000,1982.709961,1942.339966,1962.609985,1962.609985,226500
2019-10-01,1977.000000,1987.760010,1964.719971,1978.030029,1978.030029,234700
2019-10-02,1969.000000,1969.000000,1929.910034,1941.439941,1941.439941,289300
2019-10-03,1936.550049,1964.300049,1918.229980,1961.449951,1961.449951,212200
2019-10-04,1970.640015,1984.869995,1965.310059,1983.199951,1983.199951,162200
2019-10-07,1971.010010,1980.260010,1949.079956,1951.560059,1951.560059,254100
2019-10-08,1937.050049,1955.729980,1923.560059,1938.189941,1938.189941,170300
2019-10-09,1953.719971,1954.160034,1926.199951,1943.329956,1943.329956,230300
2019-10-10,1942.689941,1970.430054,1933.839966,1962.910034,1962.910034,227500
2019-10-11,1984.300049,2003.790039,1972.939941,1977.180054,1977.180054,277200
2019-10-14,1964.520020,1994.390015,1964.520020,1988.750000,1988.750000,176500
2019-10-15,1992.209961,2023.109985,1991.599976,2016.390015,2016.390015,273400
2019-10-16,2016.800049,2037.089966,2016.800049,2027.630005,2027.630005,300000
2019-10-17,2033.000000,2044.770020,2021.369995,2028.530029,2028.530029,199900
2019-10-18,2030.859985,2033.920044,2006.959961,2013.530029,2013.530029,352200
2019-10-21,2022.680054,2035.000000,2017.400024,2022.239990,2022.239990,194500
2019-10-22,2029.040039,2033.300049,2010.010010,2023.050049,2023.050049,186400
2019-10-23,2019.660034,2034.680054,2016.209961,2032.229980,2032.229980,176100
2019-10-24,2035.000000,2045.829956,2016.469971,2043.750000,2043.750000,171900
2019-10-25,2020.130005,2058.860107,2019.770020,2055.929932,2055.929932,242400
2019-10-28,2053.020020,2079.699951,2047.290039,2057.050049,2057.050049,195700
2019-10-29,2054.139893,2057.429932,2037.739990,2042.800049,2042.800049,177700
2019-10-30,2035.530029,2050.860107,2030.349976,2049.550049,2049.550049,150300
2019-10-31,2046.079956,2059.169922,2031.290039,2048.770020,2048.770020,192400
2019-11-01,2023.619995,2041.579956,2007.750000,2032.020020,2032.020020,333200
2019-11-04,2042.000000,2045.780029,2002.829956,2007.680054,2007.680054,328300
2019-11-05,2008.989990,2029.800049,2001.589966,2025.430054,2025.430054,255700
2019-11-06,2018.560059,2022.439941,2001.410034,2012.089966,2012.089966,378300
2019-11-07,1942.199951,1945.219971,1844.449951,1849.930054,1849.930054,1827300
2019-11-08,1941.000000,1954.000000,1841.000000,1879.189941,1879.189941,1033700
2019-11-11,1869.000000,1897.979980,1852.839966,1896.040039,1896.040039,471200
2019-11-12,1901.349976,1901.349976,1860.229980,1875.839966,1875.839966,496600
2019-11-13,1855.589966,1871.859985,1852.640015,1859.089966,1859.089966,426000
2019-11-14,1855.390015,1875.000000,1850.959961,1865.550049,1865.550049,276900
2019-11-15,1873.849976,1873.989990,1843.030029,1848.819946,1848.819946,366400
2019-11-18,1847.040039,1853.150024,1826.699951,1838.030029,1838.030029,362000
2019-11-19,1845.000000,1854.359985,1833.410034,1845.300049,1845.300049,274000
2019-11-20,1846.060059,1856.689941,1837.000000,1851.819946,1851.819946,354700
2019-11-21,1851.339966,1876.000000,1844.589966,1873.310059,1873.310059,342700
2019-11-22,1881.449951,1884.989990,1870.439941,1877.530029,1877.530029,239900
2019-11-25,1885.089966,1902.569946,1875.010010,1897.540039,1897.540039,298700
2019-11-26,1899.699951,1899.750000,1882.020020,1887.459961,1887.459961,329600
2019-11-27,1893.000000,1916.349976,1883.030029,1906.449951,1906.449951,262800
2019-11-29,1904.890015,1910.000000,1899.079956,1904.030029,1904.030029,153600
2019-12-02,1898.209961,1903.489990,1867.760010,1884.439941,1884.439941,400300
2019-12-03,1865.390015,1881.579956,1852.520020,1879.979980,1879.979980,192700
2019-12-04,1894.640015,1929.000000,1879.979980,1921.530029,1921.530029,423600
2019-12-05,1929.000000,1929.000000,1901.510010,1904.219971,1904.219971,362800
2019-12-06,1923.270020,1935.920044,1920.209961,1930.270020,1930.270020,299300
2019-12-09,1928.079956,1928.650024,1903.180054,1905.790039,1905.790039,343100
2019-12-10,1902.400024,1926.400024,1901.579956,1904.630005,1904.630005,238800
2019-12-11,1915.900024,1929.819946,1904.479980,1925.880005,1925.880005,267400
2019-12-12,1930.849976,1959.040039,1924.459961,1948.479980,1948.479980,302400
2019-12-13,1960.869995,1990.000000,1949.079956,1973.599976,1973.599976,395700
2019-12-16,1983.469971,1998.010010,1983.469971,1995.020020,1995.020020,264100
2019-12-17,2000.000000,2011.640015,1991.000000,2001.869995,2001.869995,311300
2019-12-18,2008.670044,2008.670044,1977.770020,1991.510010,1991.510010,379800
2019-12-19,1996.000000,2014.969971,1994.760010,2003.119995,2003.119995,277500
2019-12-20,2017.000000,2025.000000,2002.339966,2023.260010,2023.260010,583200
2019-12-23,2026.010010,2041.500000,2017.680054,2032.099976,2032.099976,219600
2019-12-24,2032.239990,2047.300049,2031.290039,2044.000000,2044.000000,97300
2019-12-26,2049.340088,2068.810059,2047.650024,2064.320068,2064.320068,182600
2019-12-27,2063.000000,2080.989990,2053.649902,2072.540039,2072.540039,280000
2019-12-30,2071.989990,2082.669922,2050.469971,2053.870117,2053.870117,224700
2019-12-31,2046.510010,2057.989990,2039.969971,2053.729980,2053.729980,226900
2020-01-02,2068.399902,2077.409912,2053.219971,2074.580078,2074.580078,329000
2020-01-03,2042.469971,2067.689941,2035.000000,2065.479980,2065.479980,294000
2020-01-06,2050.000000,2059.790039,2035.000000,2047.400024,2047.400024,384000
2020-01-07,2047.390015,2072.830078,2038.540039,2068.050049,2068.050049,345300
2020-01-08,2066.840088,2088.659912,2057.139893,2062.899902,2062.899902,325800
2020-01-09,2072.000000,2090.000000,2072.000000,2084.290039,2084.290039,273800
2020-01-10,2088.370117,2094.000000,2076.939941,2086.899902,2086.899902,198500
2020-01-13,2090.250000,2090.250000,2073.010010,2080.500000,2080.500000,254900
2020-01-14,2074.600098,2086.000000,2067.159912,2071.479980,2071.479980,331700
2020-01-15,2073.560059,2083.989990,2061.379883,2065.159912,2065.159912,309000
2020-01-16,2073.010010,2073.010010,2040.969971,2054.750000,2054.750000,546800
2020-01-17,2060.000000,2064.040039,2046.910034,2054.689941,2054.689941,470800
2020-01-21,2006.000000,2014.510010,1963.869995,1990.569946,1990.569946,711700
2020-01-22,2004.329956,2014.239990,1992.040039,2000.780029,2000.780029,357300
2020-01-23,1986.239990,2006.390015,1975.119995,1993.199951,1993.199951,368500
2020-01-24,1998.000000,2000.810059,1954.739990,1962.959961,1962.959961,580400
2020-01-27,1906.410034,1917.900024,1868.040039,1908.890015,1908.890015,708900
2020-01-28,1914.670044,1937.020020,1900.000000,1917.449951,1917.449951,512500
2020-01-29,1924.040039,1933.040039,1890.089966,1893.949951,1893.949951,445200
2020-01-30,1871.420044,1885.510010,1858.859985,1872.089966,1872.089966,588900
2020-01-31,1865.930054,1865.930054,1820.439941,1830.550049,1830.550049,717800
2020-02-03,1838.869995,1858.160034,1830.050049,1839.030029,1839.030029,634600
2020-02-04,1857.060059,1895.500000,1848.180054,1864.510010,1864.510010,662600
2020-02-05,1898.699951,1943.979980,1882.709961,1939.290039,1939.290039,552300
2020-02-06,1958.900024,1972.000000,1937.010010,1960.900024,1960.900024,412000
2020-02-07,1950.229980,1960.000000,1904.160034,1909.589966,1909.589966,449500
2020-02-10,1901.689941,1912.589966,1883.000000,1886.640015,1886.640015,470200
2020-02-11,1894.479980,1918.890015,1892.619995,1909.300049,1909.300049,408900
2020-02-12,1923.949951,1967.000000,1911.209961,1960.359985,1960.359985,473200
2020-02-13,1944.000000,1960.880005,1929.099976,1959.939941,1959.939941,388800
2020-02-14,1998.439941,2024.880005,1984.660034,1990.959961,1990.959961,535900
2020-02-18,1972.250000,1988.189941,1961.949951,1976.280029,1976.280029,363500
2020-02-19,1982.760010,1989.989990,1962.319946,1968.489990,1968.489990,241300
2020-02-20,1960.000000,1987.760010,1956.390015,1970.910034,1970.910034,359200
2020-02-21,1965.000000,1968.099976,1922.160034,1928.719971,1928.719971,358500
2020-02-24,1830.930054,1835.500000,1777.880005,1792.540039,1792.540039,886000
2020-02-25,1803.000000,1811.310059,1711.010010,1726.579956,1726.579956,958300
2020-02-26,1731.219971,1742.939941,1659.640015,1678.199951,1678.199951,903300
2020-02-27,1612.979980,1730.000000,1592.449951,1659.849976,1659.849976,1338000
2020-02-28,1643.640015,1718.000000,1634.540039,1695.660034,1695.660034,977000
2020-03-02,1709.750000,1732.920044,1651.760010,1728.979980,1728.979980,869200
2020-03-03,1726.630005,1749.989990,1646.930054,1683.020020,1683.020020,704300
2020-03-04,1697.150024,1736.890015,1671.239990,1732.130005,1732.130005,593500
2020-03-05,1662.989990,1680.040039,1632.579956,1647.439941,1647.439941,788800
2020-03-06,1603.089966,1684.000000,1584.000000,1612.089966,1612.089966,1077500
2020-03-09,1483.989990,1588.670044,1476.510010,1527.800049,1527.800049,770300
2020-03-10,1589.949951,1615.000000,1499.939941,1559.000000,1559.000000,742000
2020-03-11,1522.290039,1528.530029,1420.560059,1442.500000,1442.500000,829800
2020-03-12,1297.000000,1369.989990,1280.000000,1280.400024,1280.400024,1282100
2020-03-13,1336.800049,1421.670044,1270.869995,1421.329956,1421.329956,1153100
2020-03-16,1275.000000,1411.829956,1252.219971,1289.670044,1289.670044,986900
2020-03-17,1309.560059,1370.520020,1252.910034,1368.260010,1368.260010,1080100
2020-03-18,1277.859985,1327.089966,1165.020020,1233.750000,1233.750000,933400
2020-03-19,1211.160034,1236.640015,1150.000000,1191.479980,1191.479980,980600
2020-03-20,1216.339966,1299.949951,1157.410034,1177.430054,1177.430054,1146500
2020-03-23,1166.979980,1226.140015,1107.290039,1152.239990,1152.239990,859900
2020-03-24,1218.619995,1279.000000,1200.579956,1259.469971,1259.469971,854000
2020-03-25,1259.469971,1449.479980,1246.949951,1365.849976,1365.849976,998700
2020-03-26,1380.329956,1429.479980,1353.520020,1406.000000,1406.000000,616500
2020-03-27,1344.869995,1355.459961,1253.609985,1255.150024,1255.150024,701500
2020-03-30,1261.270020,1321.890015,1216.979980,1308.229980,1308.229980,600800
2020-03-31,1303.010010,1390.390015,1296.010010,1345.319946,1345.319946,770300
2020-04-01,1293.810059,1328.339966,1248.180054,1271.630005,1271.630005,562800
2020-04-02,1270.969971,1334.989990,1241.219971,1260.000000,1260.000000,573800
2020-04-03,1244.180054,1279.160034,1203.079956,1230.680054,1230.680054,442300
2020-04-06,1303.280029,1363.349976,1292.810059,1356.680054,1356.680054,751500
2020-04-07,1412.010010,1495.000000,1366.790039,1376.369995,1376.369995,783400
2020-04-08,1382.650024,1428.719971,1360.010010,1372.060059,1372.060059,780900
2020-04-09,1424.760010,1450.000000,1403.000000,1420.640015,1420.640015,1032800
2020-04-13,1413.189941,1428.010010,1368.390015,1421.010010,1421.010010,404400
2020-04-14,1460.089966,1469.959961,1424.000000,1449.420044,1449.420044,579000
2020-04-15,1407.839966,1440.000000,1390.670044,1424.609985,1424.609985,452800
2020-04-16,1432.349976,1432.349976,1391.020020,1407.400024,1407.400024,488400
2020-04-17,1469.000000,1484.660034,1450.189941,1470.869995,1470.869995,691300
2020-04-20,1462.050049,1470.000000,1410.000000,1411.630005,1411.630005,459200
2020-04-21,1382.810059,1387.739990,1317.400024,1342.219971,1342.219971,652700
2020-04-22,1365.010010,1379.989990,1342.000000,1355.000000,1355.000000,356600
2020-04-23,1354.050049,1388.989990,1350.790039,1360.000000,1360.000000,372700
2020-04-24,1372.390015,1374.579956,1338.660034,1362.770020,1362.770020,334500
2020-04-27,1374.930054,1411.239990,1371.040039,1402.989990,1402.989990,456900
2020-04-28,1434.199951,1463.650024,1410.800049,1439.319946,1439.319946,613500
2020-04-29,1487.829956,1527.729980,1473.300049,1520.530029,1520.530029,703000
2020-04-30,1514.530029,1520.420044,1464.780029,1480.569946,1480.569946,450900
2020-05-01,1442.750000,1460.300049,1415.310059,1448.790039,1448.790039,458500
2020-05-04,1415.729980,1445.319946,1388.510010,1413.300049,1413.300049,471400
2020-05-05,1443.250000,1446.359985,1383.859985,1393.199951,1393.199951,425900
2020-05-06,1397.459961,1416.359985,1356.000000,1378.910034,1378.910034,526600
2020-05-07,1392.260010,1448.589966,1382.000000,1443.910034,1443.910034,654800
2020-05-08,1440.989990,1444.250000,1366.099976,1430.829956,1430.829956,877400
2020-05-11,1427.020020,1428.969971,1403.119995,1411.000000,1411.000000,564700
2020-05-12,1401.089966,1413.979980,1385.109985,1385.920044,1385.920044,506900
2020-05-13,1379.339966,1388.920044,1336.319946,1366.069946,1366.069946,780900
2020-05-14,1348.739990,1388.939941,1303.250000,1382.510010,1382.510010,708700
2020-05-15,1377.010010,1409.489990,1372.130005,1384.310059,1384.310059,632600
2020-05-18,1430.000000,1581.560059,1430.000000,1557.430054,1557.430054,1322000
2020-05-19,1556.290039,1598.829956,1544.160034,1547.560059,1547.560059,828400
2020-05-20,1578.520020,1605.739990,1578.199951,1599.150024,1599.150024,700000
2020-05-21,1605.000000,1623.439941,1575.790039,1595.680054,1595.680054,631900
2020-05-22,1591.739990,1637.290039,1584.650024,1631.300049,1631.300049,574600
2020-05-26,1704.319946,1764.900024,1692.109985,1746.910034,1746.910034,1201000
2020-05-27,1775.930054,1788.000000,1692.609985,1698.729980,1698.729980,1017900
2020-05-28,1695.589966,1708.000000,1644.020020,1648.989990,1648.989990,664100
2020-05-29,1657.000000,1657.000000,1618.430054,1639.420044,1639.420044,696800
2020-06-01,1633.119995,1684.170044,1633.119995,1670.729980,1670.729980,490100
2020-06-02,1690.000000,1692.050049,1653.579956,1655.000000,1655.000000,513600
2020-06-03,1704.030029,1743.839966,1694.290039,1725.969971,1725.969971,597500
2020-06-04,1714.900024,1749.180054,1706.000000,1742.640015,1742.640015,502400
2020-06-05,1826.760010,1853.380005,1802.849976,1812.640015,1812.640015,1034400
2020-06-08,1846.599976,1871.969971,1825.569946,1840.910034,1840.910034,672000
2020-06-09,1808.069946,1818.339966,1770.000000,1777.969971,1777.969971,450400
2020-06-10,1791.949951,1793.000000,1717.719971,1733.310059,1733.310059,536400
2020-06-11,1655.849976,1656.760010,1576.569946,1588.369995,1588.369995,920100
2020-06-12,1653.569946,1663.989990,1572.839966,1623.920044,1623.920044,489400
2020-06-15,1567.660034,1664.930054,1555.010010,1650.670044,1650.670044,409800
2020-06-16,1716.319946,1721.849976,1641.750000,1673.739990,1673.739990,454600
2020-06-17,1677.920044,1678.579956,1626.010010,1638.239990,1638.239990,355000
2020-06-18,1622.400024,1658.000000,1590.930054,1628.349976,1628.349976,546600
2020-06-19,1654.000000,1657.489990,1600.000000,1626.910034,1626.910034,754200
2020-06-22,1609.739990,1636.290039,1593.869995,1633.520020,1633.520020,333900
2020-06-23,1652.300049,1678.500000,1640.000000,1677.099976,1677.099976,363300
2020-06-24,1660.709961,1669.770020,1582.000000,1610.329956,1610.329956,597300
2020-06-25,1585.810059,1623.969971,1561.719971,1615.390015,1615.390015,498600
2020-06-26,1597.300049,1611.709961,1532.829956,1541.250000,1541.250000,601700
2020-06-29,1567.770020,1595.300049,1540.479980,1593.219971,1593.219971,365800
2020-06-30,1583.900024,1603.239990,1566.420044,1592.339966,1592.339966,293600
2020-07-01,1606.050049,1670.000000,1601.140015,1658.790039,1658.790039,538800
2020-07-02,1690.109985,1714.089966,1658.400024,1669.979980,1669.979980,360800
2020-07-06,1706.189941,1738.000000,1680.170044,1703.760010,1703.760010,440800
2020-07-07,1681.359985,1697.329956,1654.660034,1657.449951,1657.449951,267100
2020-07-08,1662.000000,1665.959961,1633.250000,1661.300049,1661.300049,332500
2020-07-09,1671.900024,1679.699951,1627.479980,1670.280029,1670.280029,406600
2020-07-10,1660.680054,1708.800049,1652.979980,1707.400024,1707.400024,323400
2020-07-13,1720.890015,1739.579956,1685.010010,1686.760010,1686.760010,400600
2020-07-14,1668.689941,1703.560059,1652.689941,1696.229980,1696.229980,261100
2020-07-15,1747.000000,1802.729980,1745.040039,1799.339966,1799.339966,646800
2020-07-16,1767.209961,1773.500000,1730.670044,1746.790039,1746.790039,251700
2020-07-17,1757.119995,1757.119995,1719.040039,1732.189941,1732.189941,368700
2020-07-20,1724.010010,1748.000000,1700.420044,1713.650024,1713.650024,308300
2020-07-21,1735.910034,1762.670044,1703.609985,1711.709961,1711.709961,382600
2020-07-22,1717.959961,1728.319946,1681.250000,1720.540039,1720.540039,367500
2020-07-23,1721.280029,1729.329956,1692.150024,1695.459961,1695.459961,263800
2020-07-24,1678.270020,1709.239990,1671.969971,1701.300049,1701.300049,324900
2020-07-27,1690.640015,1711.880005,1671.010010,1702.829956,1702.829956,223900
2020-07-28,1696.339966,1702.839966,1677.290039,1681.750000,1681.750000,210600
2020-07-29,1688.859985,1724.400024,1676.949951,1707.540039,1707.540039,311300
2020-07-30,1683.800049,1699.209961,1657.160034,1687.739990,1687.739990,205400
2020-07-31,1687.869995,1692.250000,1625.609985,1662.130005,1662.130005,305200
2020-08-03,1665.910034,1669.890015,1634.689941,1650.239990,1650.239990,201300
2020-08-04,1641.000000,1680.000000,1635.349976,1675.130005,1675.130005,240200
2020-08-05,1700.130005,1734.430054,1683.390015,1724.770020,1724.770020,314400
2020-08-06,1702.000000,1765.979980,1700.729980,1751.790039,1751.790039,451100
2020-08-07,1813.400024,1821.449951,1742.000000,1754.479980,1754.479980,566000
2020-08-10,1760.000000,1785.890015,1731.050049,1768.579956,1768.579956,357100
2020-08-11,1818.270020,1847.420044,1800.010010,1805.099976,1805.099976,476000
2020-08-12,1816.300049,1828.000000,1805.500000,1808.069946,1808.069946,274200
2020-08-13,1799.060059,1823.979980,1789.000000,1792.969971,1792.969971,220200
2020-08-14,1780.000000,1787.219971,1768.270020,1778.869995,1778.869995,262500
2020-08-17,1792.390015,1792.390015,1750.000000,1752.920044,1752.920044,244500
2020-08-18,1750.000000,1792.000000,1744.130005,1778.910034,1778.910034,238900
2020-08-19,1783.010010,1807.089966,1760.319946,1767.469971,1767.469971,311600
2020-08-20,1751.900024,1774.949951,1746.010010,1768.689941,1768.689941,245900
2020-08-21,1763.000000,1785.050049,1754.670044,1779.369995,1779.369995,270400
2020-08-24,1803.560059,1837.719971,1796.939941,1834.439941,1834.439941,362400
2020-08-25,1836.020020,1858.290039,1816.410034,1853.800049,1853.800049,313200
2020-08-26,1838.800049,1883.969971,1835.010010,1866.969971,1866.969971,394400
2020-08-27,1892.579956,1924.859985,1874.270020,1893.500000,1893.500000,398900
2020-08-28,1896.150024,1955.609985,1895.229980,1945.250000,1945.250000,320800
2020-08-31,1922.469971,1936.500000,1908.130005,1910.449951,1910.449951,321200
2020-09-01,1905.130005,1937.000000,1899.729980,1928.859985,1928.859985,315900
2020-09-02,1940.000000,1955.400024,1895.650024,1948.729980,1948.729980,335300
2020-09-03,1952.150024,1966.219971,1909.890015,1945.449951,1945.449951,428100
2020-09-04,1947.969971,1962.599976,1906.079956,1917.739990,1917.739990,379300
2020-09-08,1886.859985,1930.079956,1882.939941,1891.599976,1891.599976,346900
2020-09-09,1887.550049,1910.079956,1823.400024,1871.069946,1871.069946,460900
2020-09-10,1871.000000,1901.900024,1811.739990,1816.589966,1816.589966,341800
2020-09-11,1813.520020,1835.020020,1769.979980,1783.739990,1783.739990,382800
2020-09-14,1803.000000,1805.449951,1774.599976,1784.589966,1784.589966,377000
2020-09-15,1797.410034,1817.739990,1785.000000,1787.000000,1787.000000,268000
2020-09-16,1800.000000,1837.829956,1787.900024,1806.660034,1806.660034,382300
2020-09-17,1783.189941,1805.839966,1756.489990,1787.209961,1787.209961,480600
2020-09-18,1791.160034,1794.520020,1720.000000,1732.280029,1732.280029,629300
2020-09-21,1676.199951,1688.089966,1632.170044,1652.390015,1652.390015,656100
2020-09-22,1659.219971,1679.339966,1625.000000,1674.000000,1674.000000,434000
2020-09-23,1692.099976,1693.089966,1633.739990,1638.469971,1638.469971,288900
2020-09-24,1617.280029,1680.349976,1601.010010,1650.569946,1650.569946,394100
2020-09-25,1635.000000,1660.739990,1612.000000,1657.770020,1657.770020,302600
2020-09-28,1694.989990,1729.250000,1671.250000,1700.400024,1700.400024,296300
2020-09-29,1700.150024,1712.270020,1670.410034,1672.979980,1672.979980,228400
2020-09-30,1682.640015,1729.790039,1679.000000,1710.680054,1710.680054,326100
2020-10-01,1735.540039,1750.000000,1730.000000,1742.979980,1742.979980,339500
2020-10-02,1698.989990,1720.000000,1684.030029,1710.709961,1710.709961,269900
2020-10-05,1705.280029,1720.469971,1662.469971,1706.790039,1706.790039,317000
2020-10-06,1714.089966,1759.030029,1700.099976,1709.709961,1709.709961,330400
2020-10-07,1724.000000,1761.180054,1720.000000,1758.849976,1758.849976,215500
2020-10-08,1770.060059,1794.530029,1753.000000,1788.810059,1788.810059,262900
2020-10-09,1807.000000,1828.810059,1786.709961,1817.890015,1817.890015,264900
2020-10-12,1830.829956,1866.000000,1826.660034,1845.000000,1845.000000,357000
2020-10-13,1840.000000,1846.979980,1771.869995,1780.969971,1780.969971,426200
2020-10-14,1783.380005,1791.170044,1730.880005,1732.599976,1732.599976,316800
2020-10-15,1700.000000,1711.160034,1686.420044,1702.109985,1702.109985,321600
2020-10-16,1704.000000,1712.839966,1667.579956,1667.869995,1667.869995,416200
2020-10-19,1679.750000,1686.469971,1652.369995,1653.020020,1653.020020,317900
2020-10-20,1673.000000,1688.729980,1661.099976,1671.709961,1671.709961,292600
2020-10-21,1660.000000,1704.260010,1657.380005,1702.030029,1702.030029,284500
2020-10-22,1714.189941,1797.369995,1702.380005,1792.020020,1792.020020,475100
2020-10-23,1800.790039,1826.160034,1788.949951,1823.550049,1823.550049,316800
2020-10-26,1775.130005,1793.270020,1714.119995,1749.290039,1749.290039,294900
2020-10-27,1738.560059,1745.000000,1685.359985,1697.709961,1697.709961,244900
2020-10-28,1663.170044,1669.979980,1602.550049,1605.050049,1605.050049,420800
2020-10-29,1600.000000,1643.099976,1589.000000,1630.260010,1630.260010,340900
2020-10-30,1620.780029,1634.959961,1591.099976,1622.500000,1622.500000,411100
2020-11-02,1653.500000,1653.500000,1598.010010,1604.130005,1604.130005,342700
2020-11-03,1622.790039,1682.329956,1598.780029,1669.579956,1669.579956,341100
2020-11-04,1702.969971,1751.829956,1674.800049,1713.319946,1713.319946,423200
2020-11-05,1734.010010,1783.170044,1734.010010,1768.310059,1768.310059,388200
2020-11-06,1721.040039,1796.010010,1701.089966,1783.750000,1783.750000,452300
2020-11-09,2049.000000,2128.020020,2013.219971,2118.239990,2118.239990,1649300
2020-11-10,2079.590088,2103.000000,1989.609985,2007.439941,2007.439941,738500
2020-11-11,1996.949951,2008.000000,1955.699951,2000.020020,2000.020020,441300
2020-11-12,1975.000000,1990.000000,1953.150024,1962.920044,1962.920044,381500
2020-11-13,1970.000000,2069.889893,1970.000000,2052.870117,2052.870117,445500
2020-11-16,2117.870117,2121.989990,2060.780029,2109.610107,2109.610107,845900
2020-11-17,2080.000000,2091.520020,2057.959961,2081.250000,2081.250000,339100
2020-11-18,2076.000000,2103.510010,2044.020020,2044.599976,2044.599976,376700
2020-11-19,2022.839966,2054.979980,2000.000000,2010.969971,2010.969971,388800
2020-11-20,2017.599976,2036.520020,1987.839966,1992.770020,1992.770020,307800
2020-11-23,2004.869995,2042.060059,2000.000000,2019.839966,2019.839966,336500
2020-11-24,2050.000000,2107.030029,2026.609985,2103.449951,2103.449951,445600
2020-11-25,2108.739990,2118.959961,2043.849976,2063.800049,2063.800049,215900
2020-11-27,2067.860107,2083.719971,2048.280029,2052.669922,2052.669922,117200
2020-11-30,2057.669922,2058.000000,2019.869995,2028.449951,2028.449951,335500
2020-12-01,2047.209961,2088.850098,2030.000000,2052.669922,2052.669922,295800
2020-12-02,2052.669922,2097.989990,2036.880005,2078.419922,2078.419922,247700
2020-12-03,2096.800049,2122.030029,2065.179932,2096.629883,2096.629883,337300
2020-12-04,2103.699951,2138.969971,2090.000000,2125.030029,2125.030029,339500
2020-12-07,2119.969971,2137.429932,2085.000000,2128.780029,2128.780029,321500
2020-12-08,2093.060059,2128.209961,2082.449951,2086.649902,2086.649902,342300
2020-12-09,2100.469971,2170.030029,2076.810059,2107.110107,2107.110107,697900
2020-12-10,2094.989990,2151.580078,2079.189941,2104.870117,2104.870117,380200
2020-12-11,2090.219971,2104.020020,2050.129883,2089.209961,2089.209961,354500
2020-12-14,2120.090088,2143.060059,2065.080078,2066.010010,2066.010010,339200
2020-12-15,2078.219971,2105.820068,2055.010010,2098.050049,2098.050049,314700
2020-12-16,2118.199951,2118.199951,2077.399902,2098.709961,2098.709961,238600
2020-12-17,2117.949951,2126.949951,2070.520020,2113.429932,2113.429932,295300
2020-12-18,2118.750000,2118.750000,2087.929932,2099.649902,2099.649902,536200
2020-12-21,2050.000000,2071.820068,2024.020020,2068.199951,2068.199951,357100
2020-12-22,2068.350098,2069.360107,2031.390015,2052.820068,2052.820068,198800
2020-12-23,2055.389893,2114.149902,2050.429932,2100.850098,2100.850098,314700
2020-12-24,2119.000000,2119.000000,2081.000000,2088.350098,2088.350098,182500
2020-12-28,2129.449951,2152.260010,2124.459961,2137.919922,2137.919922,251000
2020-12-29,2165.979980,2200.000000,2153.959961,2185.399902,2185.399902,341900
2020-12-30,2200.000000,2214.010010,2174.969971,2205.260010,2205.260010,229700
2020-12-31,2198.070068,2227.969971,2185.000000,2227.270020,2227.270020,176600