Date,Open,High,Low,Close,Adj Close,Volume
2011-01-03,21.457500,21.645000,21.315001,21.522499,19.050924,8566400
2011-01-04,21.400000,21.437500,20.937500,20.992500,18.581789,13797600
2011-01-05,20.912500,21.207500,20.877501,21.129999,18.703495,11598800
2011-01-06,21.112499,21.125000,20.889999,20.940001,18.535324,8057200
2011-01-07,20.924999,20.987499,20.817499,20.882500,18.484419,8174400
2011-01-10,20.812500,21.122499,20.764999,21.042500,18.626049,8914400
2011-01-11,21.049999,21.200001,20.905001,21.004999,18.592848,5563200
2011-01-12,21.100000,21.122499,20.920000,20.932501,18.528679,9653600
2011-01-13,20.957500,20.957500,20.612499,20.639999,18.269768,9774400
2011-01-14,20.655001,21.075001,20.592501,21.017500,18.603924,8390800
2011-01-18,21.105000,21.245001,20.967501,21.014999,18.601704,9024400
2011-01-19,21.022499,21.042500,20.707500,20.915001,18.513193,10901200
2011-01-20,20.799999,20.912500,20.625000,20.767500,18.382631,9431200
2011-01-21,20.877501,20.889999,20.547501,20.575001,18.212233,7430400
2011-01-24,20.500000,20.725000,20.375000,20.665001,18.291903,8115600
2011-01-25,20.642500,20.737499,20.480000,20.719999,18.340578,7434000
2011-01-26,20.785000,21.042500,20.697500,21.000000,18.588425,10357600
2011-01-27,21.017500,21.084999,20.672501,20.692499,18.316242,9769600
2011-01-28,20.727501,20.745001,20.325001,20.365000,18.026342,8968000
2011-01-31,20.379999,20.639999,20.252501,20.620001,18.252068,7680800
2011-02-01,20.687500,20.924999,20.655001,20.887501,18.488852,9705200
2011-02-02,20.857500,20.985001,20.780001,20.977501,18.568520,7764400
2011-02-03,20.892500,21.075001,20.844999,20.950001,18.544165,10352400
2011-02-04,21.002501,21.472500,20.952499,21.434999,18.973473,9636400
2011-02-07,21.450001,21.700001,21.415001,21.625000,19.141655,8380800
2011-02-08,21.670000,21.702499,21.545000,21.677500,19.188122,6836800
2011-02-09,21.677500,21.924999,21.612499,21.812500,19.307627,8368800
2011-02-10,21.730000,21.860001,21.565001,21.697500,19.205824,6752400
2011-02-11,21.612499,21.677500,21.490000,21.552500,19.077475,7392800
2011-02-14,21.580000,21.635000,21.362499,21.442499,18.980108,7376000
2011-02-15,21.317499,21.397499,21.155001,21.387501,18.931425,8109600
2011-02-16,21.379999,21.487499,21.280001,21.437500,18.975689,8908800
2011-02-17,21.184999,21.520000,21.100000,21.510000,19.039864,11937200
2011-02-18,21.620001,22.207500,21.500000,22.205000,19.655046,14709200
2011-02-22,21.900000,22.080000,21.727501,21.807501,19.303194,10978800
2011-02-23,21.722500,21.957500,21.447500,21.547501,19.073051,11854400
2011-02-24,21.480000,21.730000,21.375000,21.629999,19.146078,8765200
2011-02-25,21.667500,22.075001,21.635000,21.995001,19.469166,8998400
2011-02-28,22.072500,22.290001,21.987499,22.257500,19.701517,10352800
2011-03-01,22.412500,22.452499,21.877501,21.924999,19.407207,13718400
2011-03-02,21.915001,22.307501,21.807501,22.082500,19.546616,9465200
2011-03-03,22.227501,22.497499,22.225000,22.459999,19.950785,10421200
2011-03-04,22.452499,22.500000,22.334999,22.469999,19.959663,10181600
2011-03-07,22.500000,22.780001,22.067499,22.230000,19.746479,16266400
2011-03-08,22.287500,22.417500,22.207500,22.297501,19.806440,9622000
2011-03-09,22.190001,22.415001,22.062500,22.237499,19.753139,9950400
2011-03-10,22.062500,22.267500,21.885000,22.045000,19.582148,9078400
2011-03-11,21.870001,21.897499,21.367500,21.792500,19.357861,14917200
2011-03-14,21.715000,21.719999,21.340000,21.552500,19.144669,10236000
2011-03-15,21.157499,21.455000,21.000000,21.332500,18.949247,9891200
2011-03-16,21.250000,21.467501,21.012501,21.205000,18.835997,10024800
2011-03-17,21.392500,21.434999,21.122499,21.352501,18.967014,13822000
2011-03-18,19.497499,19.662500,19.207500,19.397499,17.230427,78895200
2011-03-21,19.405001,19.487499,19.155001,19.209999,17.063869,23426000
2011-03-22,19.162500,19.250000,17.357500,18.862499,16.755190,36628400
2011-03-23,18.795000,19.424999,18.762501,19.305000,17.148256,48562000
2011-03-24,19.370001,19.459999,19.100000,19.182501,17.039446,17726800
2011-03-25,19.207500,19.400000,19.155001,19.165001,17.023903,18833600
2011-03-28,19.170000,19.247499,18.950001,18.972500,16.852907,14793600
2011-03-29,19.025000,19.162500,18.905001,19.090000,16.957279,15672400
2011-03-30,19.117500,19.250000,19.059999,19.187500,17.043882,9911200
2011-03-31,19.122499,19.152500,18.905001,18.924999,16.810717,13097200
2011-04-01,18.985001,19.225000,18.955000,19.132500,16.995031,12892400
2011-04-04,19.195000,19.389999,19.087500,19.352501,17.190451,9965200
2011-04-05,19.295000,19.500000,19.212500,19.482500,17.305929,12783200
2011-04-06,19.660000,19.750000,19.559999,19.667500,17.470261,15684000
2011-04-07,19.660000,19.660000,19.254999,19.522499,17.341461,14822800
2011-04-08,19.667500,19.750000,19.264999,19.347500,17.186007,10769600
2011-04-11,19.315001,19.535000,19.312500,19.532499,17.350336,8329200
2011-04-12,19.379999,19.592501,19.337500,19.549999,17.365885,8850000
2011-04-13,19.545000,19.882500,19.537500,19.852501,17.634588,12069600
2011-04-14,19.715000,20.067499,19.662500,20.020000,17.783379,14087600
2011-04-15,20.102501,20.102501,19.667500,19.682501,17.483587,13746800
2011-04-18,19.517500,19.662500,19.299999,19.645000,17.450272,11543200
2011-04-19,19.667500,19.887501,19.622499,19.682501,17.483587,10802800
2011-04-20,19.860001,20.062500,19.815001,20.017500,17.781158,14865200
2011-04-21,20.157499,20.157499,19.959999,20.047501,17.807806,8706000
2011-04-25,20.152500,20.227501,19.969999,20.027500,17.790039,6976000
2011-04-26,20.022499,20.150000,19.850000,19.990000,17.756731,7317600
2011-04-27,20.014999,20.307501,19.980000,20.280001,18.014328,9981200
2011-04-28,20.270000,20.682501,20.150000,20.642500,18.336338,10064000
2011-04-29,20.565001,20.632500,20.437500,20.580000,18.280815,8844400
2011-05-02,20.695000,20.870001,20.500000,20.559999,18.263050,12402400
2011-05-03,20.587500,20.650000,20.385000,20.415001,18.134251,8710800
2011-05-04,20.620001,20.750000,20.352501,20.697500,18.385189,11956000
2011-05-05,20.674999,20.834999,20.522499,20.652500,18.345215,9631200
2011-05-06,20.797501,20.857500,20.440001,20.504999,18.214193,9624800
2011-05-09,20.450001,20.742500,20.424999,20.727501,18.411831,6536800
2011-05-10,20.812500,20.924999,20.682501,20.875000,18.542856,10405600
2011-05-11,20.792500,20.915001,20.549999,20.665001,18.356321,8601600
2011-05-12,20.660000,21.174999,20.610001,21.145000,18.782694,10240800
2011-05-13,21.180000,21.632500,21.174999,21.565001,19.155766,14448800
2011-05-16,21.434999,21.565001,21.254999,21.317499,18.935921,10656800
2011-05-17,21.205000,21.254999,20.992500,21.222500,18.851534,9972400
2011-05-18,21.222500,21.400000,21.132500,21.207500,18.838215,9857600
2011-05-19,21.297501,21.540001,21.260000,21.527500,19.122461,8239600
2011-05-20,21.597500,21.620001,21.097500,21.262501,18.887068,10130400
2011-05-23,21.025000,21.182501,20.865000,20.905001,18.569513,9112400
2011-05-24,20.947500,21.182501,20.907499,21.082500,18.727180,5756000
2011-05-25,20.945000,20.950001,20.777500,20.797501,18.474016,9230400
2011-05-26,20.792500,21.059999,20.747499,21.017500,18.669439,6762000
2011-05-27,21.059999,21.200001,21.047501,21.155001,18.791580,6079600
2011-05-31,21.209999,21.237499,20.955000,21.112499,18.753822,8879200
2011-06-01,21.084999,21.180000,20.520000,20.537500,18.243063,10124800
2011-06-02,20.467501,20.647499,20.264999,20.287500,18.089254,11829200
2011-06-03,20.127501,20.337500,20.055000,20.090000,17.913153,11259200
2011-06-06,20.092501,20.237499,19.934999,19.942499,17.781633,9092800
2011-06-07,20.047501,20.580000,20.037500,20.475000,18.256435,13809200
2011-06-08,20.382500,20.497499,19.967501,20.025000,17.855196,12223200
2011-06-09,20.072500,20.332500,20.059999,20.167500,17.982258,9538800
2011-06-10,20.147499,20.389999,19.887501,19.915001,17.757114,9920000
2011-06-13,19.937500,20.472500,19.920000,20.127501,17.946587,10787600
2011-06-14,20.292500,20.607500,20.270000,20.559999,18.332226,11731600
2011-06-15,20.389999,20.477501,19.975000,20.097500,17.919847,11418800
2011-06-16,20.117500,20.187500,19.860001,20.072500,17.897558,9092000
2011-06-17,20.202499,20.397499,20.200001,20.277500,18.080338,10494400
2011-06-20,20.215000,20.847500,20.215000,20.807501,18.552917,9140800
2011-06-21,20.787500,21.207500,20.762501,21.127501,18.838240,9263200
2011-06-22,20.972500,21.102501,20.462500,20.487499,18.267578,18370400
2011-06-23,20.340000,20.590000,20.157499,20.547501,18.321085,17086000
2011-06-24,20.527500,20.622499,20.182501,20.295000,18.095943,15564400
2011-06-27,20.230000,20.692499,20.230000,20.405001,18.194023,22992800
2011-06-28,21.317499,22.645000,21.290001,22.475000,20.039732,60456800
2011-06-29,22.415001,22.587500,22.045000,22.445000,20.012978,25427600
2011-06-30,22.305000,22.607500,22.305000,22.495001,20.057566,17715200
2011-07-01,22.412500,22.997499,22.357500,22.955000,20.467718,16781200
2011-07-05,22.820000,23.027500,22.732500,22.934999,20.449883,14938800
2011-07-06,22.847500,23.122499,22.842501,23.087500,20.585857,14488000
2011-07-07,23.190001,23.557501,23.177500,23.415001,20.877872,17198000
2011-07-08,23.247499,23.334999,23.067499,23.309999,20.784252,12672400
2011-07-11,22.967501,23.262501,22.782499,22.857500,20.380781,12599600
2011-07-12,22.820000,22.995001,22.662500,22.807501,20.336208,7284000
2011-07-13,22.745001,23.217501,22.745001,23.012501,20.518991,9458400
2011-07-14,23.042500,23.237499,22.812500,22.990000,20.498930,10843200
2011-07-15,23.092501,23.092501,22.707500,22.924999,20.440968,14330400
2011-07-18,22.725000,22.897499,22.620001,22.660000,20.204683,11662400
2011-07-19,22.862499,22.882500,22.627501,22.684999,20.226978,18579600
2011-07-20,22.722500,22.745001,22.542500,22.650000,20.195768,9916000
2011-07-21,22.690001,23.147499,22.572500,22.959999,20.472170,11621200
2011-07-22,23.012501,23.072500,22.857500,22.927500,20.443203,7219200
2011-07-25,22.584999,22.852501,22.580000,22.732500,20.269327,6965200
2011-07-26,22.750000,22.830000,22.547501,22.582500,20.135582,7566800
2011-07-27,22.485001,22.642500,22.137501,22.180000,19.776701,12686400
2011-07-28,22.217501,22.840000,22.217501,22.620001,20.169020,14810400
2011-07-29,22.452499,22.700001,22.312500,22.537500,20.095459,9905200
2011-08-01,22.605000,22.615000,22.002501,22.334999,19.914902,10046800
2011-08-02,22.065001,22.299999,21.245001,21.277500,18.971979,17061600
2011-08-03,21.325001,21.780001,20.727501,21.770000,19.411119,15954400
2011-08-04,21.527500,21.687500,20.372499,20.387501,18.178421,18850800
2011-08-05,20.627501,21.127501,20.084999,20.967501,18.695574,21511200
2011-08-08,20.344999,20.834999,19.500000,19.797501,17.652349,23861600
2011-08-09,20.090000,20.662500,19.245001,20.625000,18.390181,21544000
2011-08-10,20.417500,20.725000,19.760000,19.832500,17.683554,19309600
2011-08-11,19.915001,21.097500,19.830000,20.812500,18.557369,14950400
2011-08-12,20.965000,21.262501,20.847500,21.059999,18.778055,10663200
2011-08-15,21.152500,21.290001,20.695000,21.282499,18.976439,10026800
2011-08-16,21.022499,21.382500,20.782499,20.805000,18.550682,14041200
2011-08-17,20.912500,21.147499,20.459999,20.637501,18.401329,12017200
2011-08-18,20.190001,20.347500,19.742500,19.980000,17.815075,16644000
2011-08-19,19.735001,20.372499,19.625000,19.645000,17.516375,12648800
2011-08-22,20.007500,20.145000,19.757500,19.812500,17.665728,11138800
2011-08-23,19.892500,20.907499,19.775000,20.897499,18.633162,12045600
2011-08-24,20.802500,21.497499,20.715000,21.450001,19.125784,15281600
2011-08-25,21.462500,21.622499,20.872499,20.940001,18.671055,12359600
2011-08-26,20.825001,21.615000,20.575001,21.572500,19.235020,12230800
2011-08-29,21.777500,22.150000,21.700001,22.135000,19.736572,11164000
2011-08-30,22.075001,22.132500,21.590000,21.592501,19.252857,18831200
2011-08-31,21.760000,22.132500,21.537500,21.662500,19.315260,13958000
2011-09-01,21.587500,22.025000,21.504999,21.637501,19.362247,15754400
2011-09-02,21.217501,21.457500,20.950001,21.010000,18.800732,10301200
2011-09-06,20.287500,20.977501,20.049999,20.940001,18.738089,11293200
2011-09-07,21.260000,21.627501,21.040001,21.627501,19.353298,11406000
2011-09-08,21.437500,21.872499,21.200001,21.332500,19.089321,11198800
2011-09-09,21.107500,21.347500,20.620001,20.625000,18.456215,14903200
2011-09-12,20.440001,21.105000,20.362499,21.090000,18.872318,9916800
2011-09-13,21.102501,21.594999,21.014999,21.455000,19.198940,11845600
2011-09-14,21.567499,22.197500,21.352501,21.872499,19.572529,15416000
2011-09-15,22.065001,22.100000,21.690001,22.010000,19.695574,11005600
2011-09-16,22.155001,22.495001,22.082500,22.442499,20.082598,16175600
2011-09-19,22.059999,22.625000,22.007500,22.549999,20.178795,14538000
2011-09-20,22.667500,22.795000,22.309999,22.365000,20.013250,15854400
2011-09-21,22.309999,22.405001,21.387501,21.434999,19.181044,20442800
2011-09-22,20.797501,21.177500,20.555000,21.045000,18.832047,23763200
2011-09-23,21.945000,22.497499,21.672501,22.160000,19.829807,36419200
2011-09-26,22.389999,22.495001,21.805000,22.327499,19.979689,16838400
2011-09-27,22.600000,23.139999,22.495001,22.645000,20.263803,17462800
2011-09-28,22.667500,22.995001,22.062500,22.117500,19.791771,14258000
2011-09-29,22.447500,22.500000,21.360001,21.997499,19.684389,14378000
2011-09-30,21.745001,22.059999,21.370001,21.377501,19.129591,13958800
2011-10-03,21.237499,21.547501,20.750000,20.762501,18.579258,14336000
2011-10-04,20.385000,21.475000,20.252501,21.432501,19.178804,13781600
2011-10-05,21.482500,22.059999,21.332500,21.950001,19.641884,14786400
2011-10-06,21.882500,22.447500,21.805000,22.320000,19.972979,10604000
2011-10-07,22.322500,22.467501,21.897499,22.037500,19.720186,10361600
2011-10-10,22.445000,22.717501,22.334999,22.680000,20.295120,8209200
2011-10-11,22.447500,22.674999,22.357500,22.462500,20.100494,8690400
2011-10-12,22.582500,23.125000,22.487499,22.947500,20.534491,14055200
2011-10-13,22.855000,23.125000,22.732500,23.052500,20.628454,8464800
2011-10-14,23.145000,23.295000,22.977501,23.242500,20.798477,8570800
2011-10-17,23.067499,23.225000,22.677500,22.754999,20.362238,8205600
2011-10-18,22.652500,23.082500,21.995001,22.870001,20.465145,11126000
2011-10-19,22.917500,23.125000,22.767500,22.822500,20.422634,8566800
2011-10-20,22.910000,23.115000,22.672501,22.972500,20.556868,8444800
2011-10-21,23.200001,23.587500,23.132500,23.587500,21.107195,12383600
2011-10-24,23.584999,23.982500,23.530001,23.767500,21.268272,13173600
2011-10-25,23.527500,23.834999,23.367500,23.437500,20.972969,9488800
2011-10-26,23.660000,23.747499,23.182501,23.552500,21.075880,9555200
2011-10-27,24.042500,24.122499,23.857500,23.957500,21.438295,15440800
2011-10-28,23.915001,24.232500,23.730000,24.187500,21.644106,12221600
2011-10-31,23.940001,24.420000,23.885000,24.087500,21.554625,12228000
2011-11-01,23.377501,23.857500,23.365000,23.469999,21.002056,10651200
2011-11-02,23.912500,23.950001,23.522499,23.735001,21.239187,11624400
2011-11-03,24.037500,24.059999,23.392500,23.920000,21.404734,10792800
2011-11-04,23.799999,23.997499,23.402500,23.594999,21.113905,8239200
2011-11-07,23.629999,23.825001,23.360001,23.450001,20.984161,8730800
2011-11-08,23.597500,23.910000,23.424999,23.855000,21.346563,9659200
2011-11-09,23.367500,23.512501,22.902500,23.090000,20.662020,11706800
2011-11-10,23.355000,23.635000,23.142500,23.480000,21.011002,9393600
2011-11-11,23.687500,24.102501,23.612499,24.037500,21.509876,8108000
2011-11-14,23.959999,24.222500,23.799999,23.937500,21.420399,6849200
2011-11-15,23.815001,24.150000,23.667500,23.987499,21.465139,7013600
2011-11-16,23.785000,23.875000,23.385000,23.424999,20.961782,8850000
2011-11-17,23.282499,23.420000,22.725000,22.972500,20.556868,9039200
2011-11-18,23.155001,23.370001,22.862499,23.187500,20.749260,9440800
2011-11-21,22.905001,23.040001,22.447500,22.764999,20.371187,7354000
2011-11-22,22.797501,23.155001,22.747499,22.907499,20.498703,7660000
2011-11-23,22.682501,22.992500,22.625000,22.732500,20.342106,7470400
2011-11-25,22.665001,22.965000,22.570000,22.570000,20.196688,3475600
2011-11-28,23.010000,23.957500,22.975000,23.727501,21.232483,15442400
2011-11-29,23.815001,23.857500,23.577499,23.717501,21.223526,11024400
2011-11-30,24.270000,24.375000,23.730000,24.045000,21.516590,13492800
2011-12-01,23.840000,24.084999,23.627501,23.812500,21.388594,9566800
2011-12-02,23.945000,24.177500,23.877501,24.062500,21.613152,9465600
2011-12-05,24.182501,24.372499,23.985001,24.150000,21.691742,8855600
2011-12-06,24.299999,24.309999,23.990000,24.062500,21.613152,6987600
2011-12-07,24.195000,24.247499,23.815001,23.972500,21.532309,11209200
2011-12-08,23.900000,24.120001,23.750000,23.795000,21.372883,9393200
2011-12-09,23.870001,24.562500,23.825001,24.420000,21.934258,12422800
2011-12-12,24.334999,24.437500,23.945000,24.237499,21.770330,10852400
2011-12-13,24.282499,24.447500,23.602501,23.762501,21.343691,10714000
2011-12-14,23.742500,23.930000,23.437500,23.597500,21.195484,9455200
2011-12-15,23.860001,23.934999,23.352501,23.520000,21.125872,10732000
2011-12-16,23.695000,23.770000,23.387501,23.417500,21.033806,12788400
2011-12-19,23.480000,23.535000,23.264999,23.344999,20.968681,8765200
2011-12-20,23.620001,23.975000,23.222500,23.407499,21.024820,18300800
2011-12-21,23.957500,24.322500,23.572500,24.087500,21.635603,25045200
2011-12-22,24.147499,24.147499,23.562500,23.705000,21.292040,11711600
2011-12-23,23.817499,24.232500,23.692499,24.225000,21.759108,7165200
2011-12-27,24.245001,24.500000,24.127501,24.442499,21.954464,6448000
2011-12-28,24.482500,24.500000,24.070000,24.107500,21.653561,6830000
2011-12-29,24.137501,24.480000,24.122499,24.365000,21.884857,8571600
2011-12-30,24.347500,24.385000,24.092501,24.092501,21.640099,6609200
2012-01-03,24.342501,24.497499,24.174999,24.202499,21.738892,10944400
2012-01-04,24.177500,24.687500,24.127501,24.555000,22.055513,9440800
2012-01-05,24.447500,24.645000,24.250000,24.540001,22.042042,8393200
2012-01-06,24.482500,24.625000,24.379999,24.497499,22.003870,7760800
2012-01-09,24.525000,24.732500,24.424999,24.587500,22.084703,10045600
2012-01-10,24.707500,24.732500,24.420000,24.617500,22.111649,9812400
2012-01-11,24.567499,24.650000,24.447500,24.535000,22.037554,7002800
2012-01-12,24.572500,24.785000,24.434999,24.775000,22.253120,7516400
2012-01-13,24.597500,24.732500,24.510000,24.575001,22.073481,6534000
2012-01-17,24.674999,24.860001,24.512501,24.809999,22.284554,8242000
2012-01-18,24.702499,25.280001,24.674999,25.215000,22.648333,12278800
2012-01-19,25.184999,25.492500,25.129999,25.395000,22.810009,9158000
2012-01-20,25.387501,25.500000,25.254999,25.440001,22.850430,8949600
2012-01-23,25.480000,25.742500,25.292500,25.389999,22.805519,8329600
2012-01-24,25.334999,25.594999,25.254999,25.552500,22.951481,6564400
2012-01-25,25.480000,25.822500,25.472500,25.802500,23.176039,11383600
2012-01-26,25.750000,25.805000,25.447500,25.575001,22.971691,7528000
2012-01-27,25.542500,25.657499,25.375000,25.527500,22.929024,6934000
2012-01-30,25.362499,26.037500,25.217501,25.847500,23.216446,11892000
2012-01-31,26.142500,26.235001,25.865000,25.997499,23.351177,24751600
2012-02-01,26.102501,26.207500,25.934999,25.937500,23.297295,10000400
2012-02-02,26.000000,26.047501,25.642500,25.705000,23.088455,9372800
2012-02-03,25.875000,26.000000,25.775000,25.875000,23.241150,13192000
2012-02-06,25.760000,25.965000,25.670000,25.865000,23.232164,6230400
2012-02-07,25.805000,26.174999,25.740000,26.057501,23.405071,5231200
2012-02-08,26.129999,26.665001,26.129999,26.482500,23.786810,11142800
2012-02-09,26.437500,26.545000,26.305000,26.440001,23.748640,5847600
2012-02-10,26.267500,26.397499,26.190001,26.352501,23.670046,6210000
2012-02-13,26.450001,26.482500,26.155001,26.305000,23.627384,5875200
2012-02-14,26.197500,26.660000,26.072500,26.657499,23.943996,9526000
2012-02-15,26.737499,26.907499,26.577499,26.650000,23.937254,9935200
2012-02-16,26.617500,26.857500,26.387501,26.540001,23.838459,6658000
2012-02-17,26.684999,26.870001,26.570000,26.670000,23.955227,6957200
2012-02-21,26.647499,26.795000,26.177500,26.237499,23.566753,7308800
2012-02-22,26.264999,26.559999,26.245001,26.432501,23.741901,6237200
2012-02-23,26.480000,26.674999,26.385000,26.535000,23.833963,5860400
2012-02-24,26.527500,26.650000,26.407499,26.572500,23.867653,4675200
2012-02-27,26.469999,26.927500,26.385000,26.792500,24.065254,6077200
2012-02-28,26.852501,26.907499,26.629999,26.857500,24.123642,5047600
2012-02-29,26.877501,27.070000,26.732500,26.980000,24.233671,7088400
2012-03-01,27.222500,27.245001,27.004999,27.135000,24.454466,7070400
2012-03-02,27.167500,27.264999,26.987499,27.184999,24.499533,7011200
2012-03-05,27.174999,27.417500,27.075001,27.309999,24.612179,7173200
2012-03-06,27.139999,27.305000,26.742500,26.834999,24.184103,7887200
2012-03-07,26.865000,27.037500,26.825001,26.895000,24.238180,7177600
2012-03-08,27.032499,27.125000,26.915001,26.975000,24.310278,4564800
2012-03-09,27.160000,27.537500,27.049999,27.495001,24.778908,9813600
2012-03-12,27.200001,27.480000,27.150000,27.362499,24.659494,9208000
2012-03-13,27.500000,27.709999,27.385000,27.690001,24.954647,9531200
2012-03-14,27.725000,27.807501,27.540001,27.575001,24.851006,7452400
2012-03-15,27.707500,27.767500,27.577499,27.682501,24.947887,7297200
2012-03-16,27.684999,27.945000,27.639999,27.805000,25.058290,14449600
2012-03-19,27.975000,28.129999,27.740000,28.032499,25.263313,10399600
2012-03-20,27.932501,28.242500,27.932501,27.934999,25.175444,10681200
2012-03-21,28.017500,28.174999,27.594999,27.610001,24.882549,15109600
2012-03-22,27.527500,27.907499,27.270000,27.747499,25.006458,20453600
2012-03-23,27.802500,27.875000,26.517500,26.855000,24.202127,26509200
2012-03-26,26.969999,27.200001,26.930000,27.137501,24.456722,12512800
2012-03-27,27.177500,27.292500,26.930000,26.969999,24.305767,10130800
2012-03-28,26.902500,26.982500,26.570000,26.807501,24.159323,9239200
2012-03-29,26.575001,26.997499,26.575001,26.962500,24.299006,7893200
2012-03-30,27.094999,27.295000,26.962500,27.110001,24.431936,9274800
2012-04-02,27.105000,27.457500,26.997499,27.254999,24.562616,9788000
2012-04-03,27.202499,27.412500,27.075001,27.342501,24.641476,4644000
2012-04-04,27.287500,27.472500,27.170000,27.372499,24.668509,8866800
2012-04-05,27.257500,27.632500,27.250000,27.597500,24.871279,8787600
2012-04-09,27.222500,27.750000,27.127501,27.672501,24.938879,11309600
2012-04-10,27.620001,27.625000,26.482500,26.615000,23.985836,16864400
2012-04-11,26.924999,27.192499,26.867500,27.062500,24.389130,12034800
2012-04-12,27.035000,27.174999,26.792500,27.162500,24.479259,11554800
2012-04-13,27.212500,27.400000,27.070000,27.292500,24.596409,2622000
2012-04-16,27.267500,27.469999,27.170000,27.350000,24.648235,7135200
2012-04-17,27.465000,27.500000,27.299999,27.457500,24.745113,5772000
2012-04-18,27.334999,27.737499,27.262501,27.639999,24.909578,8174800
2012-04-19,27.657499,27.737499,27.257500,27.402500,24.695549,8027600
2012-04-20,27.432501,27.860001,27.432501,27.692499,24.956892,9299600
2012-04-23,27.457500,27.495001,27.167500,27.437500,24.727085,6355200
2012-04-24,27.247499,27.440001,26.584999,26.687500,24.051178,13254400
2012-04-25,26.792500,27.264999,26.732500,27.257500,24.564871,8388400
2012-04-26,27.257500,27.687500,27.182501,27.587500,24.862276,6228400
2012-04-27,27.522499,27.889999,27.452499,27.660000,24.927603,9349200
2012-04-30,27.750000,28.000000,27.750000,27.967501,25.204725,9552400
2012-05-01,27.977501,28.000000,27.625000,27.825001,25.076303,10164000
2012-05-02,27.760000,28.639999,27.760000,28.570000,25.747709,10581200
2012-05-03,28.552500,28.702499,28.379999,28.600000,25.774744,10340800
2012-05-04,28.475000,28.512501,27.885000,27.952499,25.191212,7205600
2012-05-07,27.850000,28.075001,27.799999,27.855000,25.103344,6864000
2012-05-08,27.450001,27.537500,26.639999,27.182501,24.497276,14058800
2012-05-09,26.857500,27.219999,26.770000,27.037500,24.366602,9026000
2012-05-10,27.257500,27.377501,26.809999,26.889999,24.233671,9458800
2012-05-11,26.799999,27.325001,26.665001,27.065001,24.391386,6328400
2012-05-14,26.912500,27.115000,26.735001,26.867500,24.213396,5636400
2012-05-15,26.827499,27.252501,26.752501,26.805000,24.157063,7127600
2012-05-16,26.934999,27.230000,26.555000,26.750000,24.107504,9965200
2012-05-17,26.695000,26.750000,26.067499,26.084999,23.508194,9444400
2012-05-18,26.350000,26.945000,26.270000,26.360001,23.756027,15844800
2012-05-21,26.327499,26.840000,26.327499,26.807501,24.159323,9034400
2012-05-22,26.809999,27.287500,26.799999,27.112499,24.434195,10214000
2012-05-23,26.942499,27.250000,26.545000,26.879999,24.224661,8513200
2012-05-24,26.917500,27.160000,26.695000,26.870001,24.215652,8629600
2012-05-25,26.980000,27.297501,26.905001,27.197500,24.510794,6687600
2012-05-29,27.377501,27.730000,27.285000,27.730000,24.990688,8734800
2012-05-30,27.395000,27.582500,27.057501,27.152500,24.470242,10357200
2012-05-31,27.125000,27.212500,26.665001,27.045000,24.454414,10796800
2012-06-01,26.572500,26.637501,26.045000,26.150000,23.645149,9376400
2012-06-04,26.137501,26.280001,25.785000,26.174999,23.667749,10202000
2012-06-05,26.075001,26.440001,26.000000,26.377501,23.850857,9183200
2012-06-06,26.522499,26.775000,26.432501,26.767500,24.203499,7794000
2012-06-07,26.985001,27.097500,26.562500,26.840000,24.269056,7079600
2012-06-08,26.844999,27.192499,26.577499,27.160000,24.558401,7254400
2012-06-11,27.280001,27.477501,26.850000,26.865000,24.291660,6257600
2012-06-12,26.897499,27.165001,26.684999,26.900000,24.323311,10159600
2012-06-13,26.802500,26.882500,25.320000,25.555000,23.107141,22770400
2012-06-14,25.865000,25.865000,24.840000,25.004999,22.609821,24052400
2012-06-15,25.062500,25.500000,24.889999,25.437500,23.000902,16830800
2012-06-18,25.382500,25.432501,25.032499,25.350000,22.921783,12656800
2012-06-19,25.360001,25.662500,25.332500,25.385000,22.953421,8638400
2012-06-20,25.639999,25.680000,25.157499,25.299999,22.876564,12839600
2012-06-21,25.315001,25.615000,24.632500,24.665001,22.302393,16054400
2012-06-22,24.727501,24.879999,24.570000,24.850000,22.469666,15357200
2012-06-25,24.594999,24.684999,24.174999,24.365000,22.031132,11873200
2012-06-26,24.440001,24.715000,24.325001,24.612499,22.254925,9580000
2012-06-27,24.732500,24.902500,24.375000,24.527500,22.178061,11222400
2012-06-28,24.385000,24.620001,23.959999,24.222500,21.902285,23916800
2012-06-29,21.959999,22.625000,21.275000,21.945000,19.842939,86339600
2012-07-02,22.097500,22.372499,22.007500,22.212500,20.084814,23501600
2012-07-03,22.342501,22.650000,22.062500,22.620001,20.453279,14998400
2012-07-05,22.674999,23.174999,22.637501,23.049999,20.842089,22257200
2012-07-06,22.902500,23.057501,22.692499,22.844999,20.656729,16196400
2012-07-09,22.802500,22.924999,22.500000,22.570000,20.408068,13910000
2012-07-10,22.650000,23.000000,22.650000,22.822500,20.636377,14529200
2012-07-11,22.917500,23.100000,22.625000,23.065001,20.855656,17389600
2012-07-12,22.980000,23.059999,22.552500,22.955000,20.756191,14964800
2012-07-13,23.065001,23.572500,23.010000,23.492500,21.242205,11396400
2012-07-16,23.452499,23.472500,23.222500,23.254999,21.027452,11684800
2012-07-17,23.120001,23.357500,22.977501,23.190001,20.968679,10660000
2012-07-18,23.122499,23.735001,22.995001,23.657499,21.391399,10964000
2012-07-19,23.799999,23.995001,23.527500,23.815001,21.533815,10861200
2012-07-20,23.677500,23.750000,23.262501,23.270000,21.041018,11975200
2012-07-23,23.012501,23.315001,22.834999,23.212500,20.989025,8619200
2012-07-24,23.315001,23.482500,23.102501,23.240000,21.013884,8305200
2012-07-25,23.385000,23.562500,23.275000,23.377501,21.138220,8244800
2012-07-26,23.622499,24.222500,23.572500,24.145000,21.832201,14765600
2012-07-27,24.205000,24.362499,23.910000,24.257500,21.933926,10419600
2012-07-30,24.232500,24.437500,23.872499,23.962500,21.667183,9112800
2012-07-31,23.760000,23.895000,23.312500,23.337500,21.102058,13070000
2012-08-01,23.377501,23.582500,23.190001,23.250000,21.022930,9594400
2012-08-02,22.995001,23.247499,22.760000,23.135000,20.918947,10461600
2012-08-03,23.402500,23.660000,23.344999,23.642500,21.377831,8997200
2012-08-06,23.682501,23.934999,23.662500,23.879999,21.592583,6321600
2012-08-07,23.912500,24.297501,23.912500,24.042500,21.739519,8313200
2012-08-08,23.945000,24.052500,23.799999,23.975000,21.678486,8274000
2012-08-09,23.907499,23.992500,23.730000,23.764999,21.488605,9914400
2012-08-10,23.662500,23.745001,23.582500,23.625000,21.362009,9284000
2012-08-13,23.577499,23.977501,23.465000,23.962500,21.667183,6880000
2012-08-14,24.030001,24.035000,23.674999,23.727501,21.454700,10998800
2012-08-15,23.725000,23.920000,23.542500,23.555000,21.298719,10466400
2012-08-16,23.552500,23.847500,23.357500,23.695000,21.425308,13942800
2012-08-17,23.757500,24.115000,23.707500,24.065001,21.759865,12295200
2012-08-20,24.055000,24.192499,23.897499,23.942499,21.649101,7441600
2012-08-21,23.982500,24.067499,23.790001,23.962500,21.667183,8553200
2012-08-22,23.945000,23.997499,23.797501,23.942499,21.649101,6465200
2012-08-23,23.920000,23.995001,23.735001,23.862499,21.576765,6762000
2012-08-24,23.860001,24.282499,23.860001,24.215000,21.895494,9764000
2012-08-27,24.230000,24.312500,24.025000,24.107500,21.798288,6921600
2012-08-28,24.052500,24.822500,23.962500,24.717501,22.349865,16471600
2012-08-29,24.740000,24.750000,24.552500,24.672501,22.309174,9468000
2012-08-30,24.472500,24.620001,24.382500,24.437500,22.177580,7020400
2012-08-31,24.517500,24.629999,24.237499,24.340000,22.089102,8129200
2012-09-04,24.297501,24.472500,24.059999,24.315001,22.066410,7589200
2012-09-05,24.379999,24.445000,24.242500,24.337500,22.086828,6288000
2012-09-06,24.437500,24.887501,24.367500,24.865000,22.565550,9083600
2012-09-07,24.830000,24.937500,24.719999,24.822500,22.526981,6991600
2012-09-10,24.812500,25.225000,24.757500,25.010000,22.697138,8677600
2012-09-11,24.857500,25.047501,24.777500,24.920000,22.615469,9840000
2012-09-12,24.959999,25.230000,24.850000,25.209999,22.878645,9198000
2012-09-13,24.837500,24.950001,24.567499,24.799999,22.506563,17326000
2012-09-14,24.730000,24.775000,23.972500,24.160000,21.925745,22890400
2012-09-17,24.080000,24.514999,24.020000,24.492500,22.227503,9379200
2012-09-18,24.424999,24.562500,24.267500,24.430000,22.170778,13601200
2012-09-19,25.057501,25.125000,24.400000,24.415001,22.157166,18669600
2012-09-20,24.600000,24.600000,24.094999,24.180000,21.943895,12850400
2012-09-21,24.385000,24.385000,24.049999,24.129999,21.898520,13657600
2012-09-24,23.900000,24.087500,23.500000,23.830000,21.626266,11824800
2012-09-25,23.797501,24.087500,23.750000,23.770000,21.571812,15992400
2012-09-26,23.740000,24.052500,23.582500,23.872499,21.664831,11866000
2012-09-27,23.950001,24.160000,23.662500,24.000000,21.780542,19398000
2012-09-28,23.264999,24.045000,23.197500,23.727501,21.533249,27354400
2012-10-01,23.727501,24.049999,23.655001,23.887501,21.678442,11072800
2012-10-02,24.014999,24.049999,23.645000,23.737499,21.542316,11305600
2012-10-03,23.727501,23.885000,23.405001,23.450001,21.281410,14771200
2012-10-04,23.582500,23.990000,23.500000,23.972500,21.755585,13058400
2012-10-05,24.035000,24.132500,23.715000,23.805000,21.603573,9247200
2012-10-08,23.752501,23.947500,23.687500,23.747499,21.551390,5638000
2012-10-09,23.727501,23.922501,23.600000,23.620001,21.435682,9778800
2012-10-10,23.715000,23.865000,23.537500,23.555000,21.376698,7208800
2012-10-11,23.655001,23.867500,23.632500,23.725000,21.530975,7937600
2012-10-12,23.760000,23.865000,23.582500,23.605000,21.422066,6537200
2012-10-15,23.667500,23.955000,23.594999,23.902500,21.692060,7527600
2012-10-16,24.070000,24.402500,24.035000,24.309999,22.061871,10012000
2012-10-17,24.227501,24.500000,24.227501,24.392500,22.136745,7126000
2012-10-18,24.424999,24.517500,24.254999,24.392500,22.136745,7797600
2012-10-19,24.385000,24.525000,24.025000,24.112499,21.882643,9341200
2012-10-22,23.855000,24.087500,23.455000,23.620001,21.435682,8992800
2012-10-23,23.459999,23.562500,23.187500,23.205000,21.059059,9384400
2012-10-24,23.434999,23.452499,23.115000,23.222500,21.074942,9947600
2012-10-25,23.262501,23.375000,22.782499,22.827499,20.716469,10019600
2012-10-26,22.770000,22.837500,22.580000,22.787500,20.680168,12444000
2012-10-31,22.762501,22.947500,22.695000,22.844999,20.732357,9128800
2012-11-01,22.975000,23.900000,22.975000,23.837500,21.633066,14254800
2012-11-02,23.924999,24.184999,23.622499,23.635000,21.449299,7264400
2012-11-05,23.637501,23.870001,23.587500,23.815001,21.612654,5872800
2012-11-06,23.812500,24.032499,23.687500,24.032499,21.810041,7824800
2012-11-07,23.930000,23.969999,23.655001,23.662500,21.474255,7655200
2012-11-08,23.612499,23.650000,22.965000,22.965000,20.841257,10450400
2012-11-09,22.922501,23.250000,22.920000,23.077499,20.943352,7748800
2012-11-12,23.125000,23.299999,22.995001,23.072500,20.938814,5979200
2012-11-13,22.792500,23.165001,22.757500,22.867500,20.752775,7246000
2012-11-14,22.990000,22.990000,22.412500,22.650000,20.555386,13019200
2012-11-15,22.572500,22.805000,22.517500,22.707500,20.607569,7764400
2012-11-16,22.959999,23.187500,22.850000,23.147499,21.006880,11989200
2012-11-19,23.372499,24.084999,23.365000,24.080000,21.853144,10462400
2012-11-20,24.080000,24.129999,23.817499,23.902500,21.692060,9103200
2012-11-21,23.889999,23.957500,23.740000,23.900000,21.689789,7363600
2012-11-23,24.000000,24.190001,23.969999,24.187500,21.950705,3352400
2012-11-26,23.870001,24.420000,23.844999,24.415001,22.157166,12052800
2012-11-27,24.012501,24.500000,24.012501,24.252501,22.009695,8537200
2012-11-28,24.150000,24.790001,24.150000,24.782499,22.490679,8613600
2012-11-29,24.895000,25.082500,24.700001,24.742500,22.454378,9744000
2012-11-30,24.615000,24.629999,24.227501,24.370001,22.116329,12670000
2012-12-03,24.415001,24.727501,24.272499,24.389999,22.134470,8688000
2012-12-04,24.407499,24.594999,24.307501,24.417500,22.159431,7028400
2012-12-05,24.480000,24.520000,24.152500,24.420000,22.161701,6764400
2012-12-06,24.367500,24.670000,24.307501,24.605000,22.426018,9092000
2012-12-07,24.727501,24.747499,24.432501,24.647499,22.464762,7418000
2012-12-10,24.667500,24.827499,24.495001,24.520000,22.348549,7276800
2012-12-11,24.500000,24.875000,24.459999,24.852501,22.651604,9234400
2012-12-12,24.850000,25.000000,24.650000,24.799999,22.603754,10656000
2012-12-13,24.772499,24.892500,24.260000,24.332500,22.177654,7445200
2012-12-14,24.282499,24.472500,24.212500,24.227501,22.081944,8662000
2012-12-17,24.302500,24.522499,24.200001,24.497499,22.328037,8369600
2012-12-18,24.517500,24.745001,24.432501,24.730000,22.539949,7871600
2012-12-19,24.730000,24.799999,24.442499,24.445000,22.280188,7879200
2012-12-20,24.530001,24.762501,24.302500,24.750000,22.558176,12000000
2012-12-21,25.625000,26.370001,25.290001,26.275000,23.948126,27894800
2012-12-24,26.139999,26.557501,26.090000,26.400000,24.062052,11999200
2012-12-26,26.025000,26.250000,25.594999,25.665001,23.392149,8090400
2012-12-27,25.610001,25.969999,25.465000,25.879999,23.588106,7850400
2012-12-28,25.725000,25.860001,25.495001,25.495001,23.237204,6432400
2012-12-31,25.415001,25.820000,25.295000,25.799999,23.515188,6807400
2013-01-02,26.200001,26.240000,25.700001,25.920000,23.624561,7512800
2013-01-03,25.975000,26.299999,25.889999,26.184999,23.866102,7232200
2013-01-04,26.250000,26.520000,26.235001,26.440001,24.098520,6794000
2013-01-07,26.395000,26.540001,26.264999,26.480000,24.134974,6489400
2013-01-08,26.360001,26.469999,26.094999,26.200001,23.879766,6714200
2013-01-09,26.285000,26.370001,26.155001,26.225000,23.902557,5530400
2013-01-10,26.315001,26.440001,26.084999,26.275000,23.948126,7705600
2013-01-11,26.330000,26.709999,26.155001,26.549999,24.198772,9791000
2013-01-14,26.594999,26.740000,26.504999,26.594999,24.239784,5591800
2013-01-15,26.520000,26.875000,26.445000,26.820000,24.444860,6507200
2013-01-16,26.760000,27.000000,26.620001,26.865000,24.485876,5300200
2013-01-17,26.895000,26.985001,26.655001,26.740000,24.371950,4864800
2013-01-18,26.735001,26.785000,26.490000,26.645000,24.285364,6145400
2013-01-22,26.709999,26.754999,26.525000,26.740000,24.371950,6207600
2013-01-23,26.570000,26.680000,26.405001,26.545000,24.194218,6779200
2013-01-24,26.594999,26.940001,26.580000,26.930000,24.545126,6819800
2013-01-25,27.065001,27.785000,26.995001,27.775000,25.315289,12542800
2013-01-28,27.700001,27.760000,27.160000,27.250000,24.836782,8038200
2013-01-29,27.195000,27.230000,26.940001,26.959999,24.572466,7214800
2013-01-30,26.985001,27.080000,26.780001,26.805000,24.431190,6343000
2013-01-31,26.809999,27.139999,26.719999,27.025000,24.631710,9143800
2013-02-01,27.230000,27.360001,26.799999,26.850000,24.472204,6773400
2013-02-04,26.795000,27.129999,26.750000,26.830000,24.453976,5075800
2013-02-05,26.969999,27.155001,26.930000,26.945000,24.558796,4527200
2013-02-06,26.840000,27.184999,26.750000,27.080000,24.681841,5297000
2013-02-07,27.115000,27.360001,27.035000,27.340000,24.918814,5573000
2013-02-08,27.285000,27.594999,27.240000,27.295000,24.877804,5100800
2013-02-11,27.639999,27.950001,27.365000,27.610001,25.164898,8916600
2013-02-12,27.450001,27.605000,27.395000,27.545000,25.105659,3866600
2013-02-13,27.514999,27.684999,27.205000,27.280001,24.864130,6053800
2013-02-14,27.285000,27.495001,27.160000,27.309999,24.891468,6164200
2013-02-15,27.344999,27.570000,27.260000,27.475000,25.041857,7056200
2013-02-19,27.445000,27.580000,27.145000,27.235001,24.823112,8511200
2013-02-20,27.200001,27.330000,26.995001,27.010000,24.618040,7587200
2013-02-21,27.415001,27.520000,27.059999,27.270000,24.855017,9355800
2013-02-22,27.299999,27.440001,27.000000,27.235001,24.823112,5855000
2013-02-25,27.270000,27.495001,27.020000,27.020000,24.627155,8566000
2013-02-26,27.205000,27.370001,26.969999,27.135000,24.731968,6085200
2013-02-27,27.080000,27.260000,26.980000,27.170000,24.763870,6269200
2013-02-28,27.129999,27.360001,27.000000,27.230000,24.914839,6713600
2013-03-01,27.209999,27.415001,27.090000,27.410000,25.079538,8053400
2013-03-04,27.275000,27.450001,27.205000,27.365000,25.038361,5291800
2013-03-05,27.450001,27.500000,27.260000,27.450001,25.116140,8098000
2013-03-06,27.480000,27.805000,27.350000,27.650000,25.299128,5812000
2013-03-07,27.700001,27.825001,27.570000,27.610001,25.262533,5685200
2013-03-08,27.559999,27.615000,27.250000,27.344999,25.020060,8013000
2013-03-11,27.285000,27.320000,27.080000,27.264999,24.946861,6754800
2013-03-12,26.850000,27.084999,26.635000,26.745001,24.471079,12341600
2013-03-13,26.805000,27.495001,26.799999,27.424999,25.093260,8185400
2013-03-14,27.420000,27.450001,27.170000,27.344999,25.020060,6910800
2013-03-15,27.334999,27.424999,27.145000,27.389999,25.061232,8121000
2013-03-18,27.215000,27.330000,27.040001,27.080000,24.777596,5079400
2013-03-19,27.145000,27.219999,26.770000,26.915001,24.626629,6628400
2013-03-20,27.035000,27.440001,27.030001,27.415001,25.084114,7941800
2013-03-21,27.230000,27.360001,26.764999,26.799999,24.521395,15896200
2013-03-22,29.000000,30.125000,28.934999,29.764999,27.234304,38657400
2013-03-25,29.695000,29.990000,29.514999,29.780001,27.248032,13317400
2013-03-26,29.674999,29.815001,29.450001,29.735001,27.206860,8948600
2013-03-27,29.510000,29.650000,29.070000,29.225000,26.740219,10445000
2013-03-28,29.480000,29.655001,29.225000,29.504999,26.996408,7612400
2013-04-01,29.500000,29.594999,28.990000,29.129999,26.653294,6969800
2013-04-02,29.184999,29.695000,29.180000,29.450001,26.946089,9330600
2013-04-03,29.600000,29.764999,29.280001,29.455000,26.950661,7626600
2013-04-04,29.395000,29.750000,29.370001,29.670000,27.147385,4999400
2013-04-05,29.290001,29.520000,29.165001,29.485001,26.978119,6189800
2013-04-08,29.445000,29.975000,29.410000,29.975000,27.426455,8013200
2013-04-09,29.910000,30.065001,29.645000,29.945000,27.399000,6675000
2013-04-10,29.959999,30.275000,29.959999,30.145000,27.582001,5951000
2013-04-11,30.184999,30.690001,30.155001,30.600000,27.998312,8789400
2013-04-12,30.535000,30.615000,30.215000,30.290001,27.714668,5538800
2013-04-15,30.230000,30.465000,29.834999,29.834999,27.298351,6662600
2013-04-16,30.014999,30.264999,29.834999,30.250000,27.678070,5960600
2013-04-17,30.084999,30.655001,30.004999,30.450001,27.861073,10434800
2013-04-18,30.485001,30.600000,29.850000,30.090000,27.531673,6016400
2013-04-19,30.290001,30.520000,30.135000,30.459999,27.870218,6768400
2013-04-22,30.545000,30.745001,30.315001,30.680000,28.071510,5968600
2013-04-23,30.809999,30.965000,30.620001,30.840000,28.217911,6119600
2013-04-24,30.924999,31.000000,30.700001,30.764999,28.149286,4168000
2013-04-25,30.809999,31.245001,30.785000,31.035000,28.396330,4367600
2013-04-26,31.080000,31.235001,30.790001,30.945000,28.313978,4825600
2013-04-29,31.000000,31.405001,30.809999,31.315001,28.652519,5841600
2013-04-30,31.365000,31.885000,31.330000,31.799999,29.096285,10094800
2013-05-01,31.780001,32.145000,31.600000,31.680000,28.986490,7924400
2013-05-02,31.750000,31.785000,31.475000,31.660000,28.968185,5605400
2013-05-03,31.840000,32.480000,31.840000,32.275002,29.530899,6950800
2013-05-06,32.200001,32.275002,31.889999,31.980000,29.260984,4750200
2013-05-07,32.095001,32.185001,31.905001,31.955000,29.238110,6298000
2013-05-08,31.850000,32.055000,31.834999,31.950001,29.233536,6259000
2013-05-09,31.950001,32.264999,31.825001,31.870001,29.160336,4433800
2013-05-10,31.930000,32.395000,31.834999,32.380001,29.626974,6645600
2013-05-13,32.255001,32.400002,32.160000,32.325001,29.576662,3780600
2013-05-14,32.264999,32.990002,32.264999,32.955002,30.153086,8277200
2013-05-15,32.889999,33.000000,32.724998,32.915001,30.116488,5286200
2013-05-16,32.880001,33.035000,32.080002,32.220001,29.480577,7688600
2013-05-17,32.235001,32.720001,32.200001,32.660000,29.883169,6219200
2013-05-20,32.634998,32.750000,32.525002,32.665001,29.887745,5461800
2013-05-21,32.669998,32.724998,32.490002,32.615002,29.841999,6465400
2013-05-22,32.619999,32.785000,32.044998,32.224998,29.485155,8295200
2013-05-23,31.990000,32.075001,31.545000,31.665001,28.972771,8626400
2013-05-24,31.334999,31.434999,30.780001,31.395000,28.725721,7517400
2013-05-28,31.785000,32.055000,31.520000,31.639999,28.949896,7784000
2013-05-29,31.455000,31.584999,31.200001,31.465000,28.789766,5521200
2013-05-30,31.475000,31.650000,31.195000,31.205000,28.647474,5955200
2013-05-31,31.100000,31.570000,30.830000,30.830000,28.303207,7460400
2013-06-03,30.799999,31.540001,30.555000,31.514999,28.932064,10141200
2013-06-04,31.625000,31.785000,31.155001,31.389999,28.817310,6785400
2013-06-05,31.299999,31.469999,30.799999,30.875000,28.344521,6205400
2013-06-06,30.870001,31.090000,30.605000,31.080000,28.532713,4761400
2013-06-07,31.240000,31.545000,31.125000,31.375000,28.803537,5332000
2013-06-10,31.455000,31.740000,31.370001,31.520000,28.936651,5479000
2013-06-11,31.150000,31.469999,30.985001,31.075001,28.528128,5540400
2013-06-12,31.285000,31.285000,30.674999,30.705000,28.188448,5442600
2013-06-13,30.650000,30.959999,30.514999,30.879999,28.349108,7832600
2013-06-14,30.815001,31.200001,30.805000,30.945000,28.408775,5222400
2013-06-17,31.190001,31.360001,30.910000,30.969999,28.431728,7512800
2013-06-18,30.920000,31.125000,30.809999,31.075001,28.528128,9068800
2013-06-19,31.070000,31.170000,30.865000,30.875000,28.344521,9223600
2013-06-20,30.665001,30.815001,30.320000,30.389999,27.899269,9824200
2013-06-21,30.410000,30.690001,30.035000,30.285000,27.802877,10089200
2013-06-24,30.080000,30.254999,29.555000,29.975000,27.518282,9489400
2013-06-25,30.209999,30.495001,29.975000,30.195000,27.720253,10896400
2013-06-26,30.430000,31.059999,30.395000,30.924999,28.390415,11376800
2013-06-27,31.434999,31.625000,31.065001,31.160000,28.606157,12282800
2013-06-28,30.969999,32.035000,30.090000,31.840000,29.230431,26803800
2013-07-01,31.969999,32.294998,31.100000,31.165001,28.610746,14398800
2013-07-02,30.965000,31.540001,30.950001,31.309999,28.743864,7402400
2013-07-03,31.120001,31.469999,31.049999,31.430000,28.854033,3375600
2013-07-05,31.580000,31.915001,31.575001,31.820000,29.212065,5157800
2013-07-08,32.000000,32.330002,31.740000,31.860001,29.248787,6981600
2013-07-09,32.000000,32.139999,31.700001,31.965000,29.345181,6989200
2013-07-10,31.955000,31.955000,31.660000,31.799999,29.193708,5101800
2013-07-11,32.099998,32.220001,31.719999,31.860001,29.248787,7146000
2013-07-12,31.815001,31.915001,31.745001,31.834999,29.225834,4424000
2013-07-15,31.730000,31.825001,31.625000,31.674999,29.078951,5761800
2013-07-16,31.570000,31.735001,31.235001,31.350000,28.780592,6858200
2013-07-17,31.299999,31.834999,31.285000,31.665001,29.069767,6247600
2013-07-18,31.620001,31.889999,31.450001,31.660000,29.065176,4486800
2013-07-19,31.625000,31.795000,31.540001,31.674999,29.078951,5919400
2013-07-22,31.555000,31.785000,31.420000,31.645000,29.051411,5581600
2013-07-23,31.760000,31.790001,31.570000,31.594999,29.005505,4289600
2013-07-24,31.594999,31.715000,31.285000,31.315001,28.748459,4705400
2013-07-25,31.375000,31.445000,31.100000,31.245001,28.684195,8911400
2013-07-26,31.025000,31.299999,31.014999,31.264999,28.702555,5517800
2013-07-29,31.125000,31.395000,31.125000,31.355000,28.785179,5075600
2013-07-30,31.325001,31.549999,31.320000,31.424999,28.849440,6399600
2013-07-31,31.559999,31.750000,31.385000,31.459999,28.881571,8461800
2013-08-01,31.620001,33.055000,31.620001,32.985001,30.281578,15813200
2013-08-02,32.994999,33.305000,32.705002,33.150002,30.433060,7499800
2013-08-05,33.099998,33.270000,33.080002,33.200001,30.478975,4213000
2013-08-06,33.154999,33.424999,32.939999,33.270000,30.543228,6244000
2013-08-07,33.070000,33.119999,32.805000,32.814999,30.125521,5888800
2013-08-08,33.029999,33.224998,32.889999,33.025002,30.318310,5057400
2013-08-09,32.959999,33.369999,32.919998,33.154999,30.437647,5644800
2013-08-12,33.044998,33.299999,33.025002,33.255001,30.529455,4401800
2013-08-13,33.305000,33.375000,32.845001,32.904999,30.208149,4299400
2013-08-14,32.764999,32.830002,32.115002,32.174999,29.537971,5961800
2013-08-15,31.889999,32.000000,31.580000,31.745001,29.143219,6227000
2013-08-16,31.719999,32.154999,31.670000,31.825001,29.216660,5261200
2013-08-19,31.850000,32.555000,31.750000,32.355000,29.703220,7749600
2013-08-20,32.275002,32.855000,32.154999,32.314999,29.666496,7668400
2013-08-21,32.285000,32.494999,32.020000,32.064999,29.436987,4770400
2013-08-22,32.049999,32.584999,31.950001,32.430000,29.772078,5056000
2013-08-23,32.584999,32.610001,31.950001,32.105000,29.473713,8044600
2013-08-26,32.099998,32.264999,31.959999,31.959999,29.340591,5472400
2013-08-27,31.629999,31.870001,31.395000,31.405001,28.831085,4870800
2013-08-28,31.360001,31.850000,31.325001,31.684999,29.088129,6044000
2013-08-29,31.495001,31.930000,31.440001,31.740000,29.235502,4600000
2013-08-30,31.855000,31.895000,31.299999,31.410000,28.931545,5851000
2013-09-03,31.805000,32.450001,31.750000,32.145000,29.608549,8214000
2013-09-04,32.165001,32.740002,32.150002,32.564999,29.995409,7101400
2013-09-05,32.500000,32.790001,32.345001,32.689999,30.110546,5271600
2013-09-06,32.700001,32.775002,32.084999,32.490002,29.926331,4632600
2013-09-09,32.529999,32.794998,32.465000,32.700001,30.119757,4147800
2013-09-10,33.349998,33.490002,32.980000,33.410000,30.773731,13380000
2013-09-11,33.490002,33.910000,33.410000,33.794998,31.128355,9112400
2013-09-12,33.980000,34.450001,33.900002,34.040001,31.354023,8249800
2013-09-13,33.950001,34.070000,33.595001,33.955002,31.275728,6584600
2013-09-16,34.375000,34.410000,33.955002,34.095001,31.404682,5337600
2013-09-17,34.090000,34.334999,33.990002,34.160000,31.464554,7752400
2013-09-18,33.985001,34.924999,33.965000,34.740002,31.998785,8548000
2013-09-19,34.884998,35.279999,34.404999,34.750000,32.008003,14627600
2013-09-20,34.599998,34.750000,34.049999,34.685001,31.948120,37157000
2013-09-23,34.555000,34.775002,34.020000,34.490002,31.768517,11022000
2013-09-24,34.720001,34.860001,34.595001,34.715000,31.975761,7432800
2013-09-25,34.715000,34.764999,34.369999,34.459999,31.740879,7883200
2013-09-26,34.615002,35.244999,34.575001,35.169998,32.394863,13765000
2013-09-27,37.410000,37.625000,36.674999,36.820000,33.914654,31182000
2013-09-30,36.150002,36.584999,36.080002,36.320000,33.454113,14796400
2013-10-01,36.520000,36.625000,36.009998,36.209999,33.352791,10444400
2013-10-02,36.020000,36.130001,35.794998,35.945000,33.108711,8751600
2013-10-03,35.945000,36.250000,35.529999,35.820000,32.993568,7144600
2013-10-04,35.884998,36.174999,35.660000,36.070000,33.223843,7168200
2013-10-07,35.705002,35.985001,35.650002,35.669998,32.855404,5172800
2013-10-08,35.730000,36.314999,35.090000,35.139999,32.367222,7514200
2013-10-09,35.259998,35.735001,34.980000,35.445000,32.648163,9282200
2013-10-10,36.075001,36.724998,35.970001,36.720001,33.822559,11104800
2013-10-11,36.735001,36.865002,36.439999,36.730000,33.831772,10792200
2013-10-14,36.474998,37.084999,36.389999,37.029999,34.108093,6199800
2013-10-15,36.950001,37.185001,36.705002,36.855000,33.946907,7951200
2013-10-16,37.044998,37.310001,36.860001,37.259998,34.319939,8751600
2013-10-17,37.174999,37.325001,37.040001,37.270000,34.329147,9384400
2013-10-18,37.275002,37.994999,37.134998,37.965000,34.969318,9830800
2013-10-21,37.945000,38.185001,37.750000,38.044998,35.043003,9992600
2013-10-22,38.055000,38.244999,37.759998,37.980000,34.983131,6818800
2013-10-23,37.770000,37.970001,37.555000,37.779999,34.798912,4762000
2013-10-24,37.805000,37.889999,37.619999,37.755001,34.775894,5626400
2013-10-25,37.779999,38.180000,37.674999,37.849998,34.863384,6889000
2013-10-28,37.875000,37.990002,37.685001,37.755001,34.775894,6136800
2013-10-29,37.889999,38.090000,37.770000,37.955002,34.960106,4201000
2013-10-30,38.305000,38.445000,37.974998,38.064999,35.061417,6314200
2013-10-31,38.020000,38.134998,37.570000,37.880001,34.891026,8184400
2013-11-01,37.900002,38.215000,37.825001,38.029999,35.029186,4221600
2013-11-04,38.165001,38.270000,37.814999,38.185001,35.171947,3609200
2013-11-05,38.020000,38.660000,37.939999,38.599998,35.554214,6320400
2013-11-06,38.830002,38.830002,38.075001,38.380001,35.351570,3945400
2013-11-07,38.599998,38.650002,37.830002,37.849998,34.863384,6250800
2013-11-08,37.794998,38.570000,37.790001,38.560001,35.517365,5821600
2013-11-11,38.650002,38.680000,38.360001,38.580002,35.535789,3523200
2013-11-12,38.500000,38.630001,38.200001,38.435001,35.402233,4327400
2013-11-13,38.270000,38.945000,38.230000,38.924999,35.853558,4802200
2013-11-14,39.115002,39.404999,38.945000,39.320000,36.217384,4764200
2013-11-15,39.195000,39.639999,39.125000,39.610001,36.484512,5774000
2013-11-18,39.700001,39.700001,39.165001,39.290001,36.189758,5693200
2013-11-19,39.205002,39.314999,38.775002,38.904999,35.835133,6443200
2013-11-20,39.000000,39.299999,38.865002,38.919998,35.848949,5893000
2013-11-21,38.910000,39.110001,38.705002,39.044998,35.964085,4669400
2013-11-22,39.230000,39.490002,38.990002,39.435001,36.323334,7035600
2013-11-25,39.529999,39.805000,39.439999,39.564999,36.443054,4583400
2013-11-26,39.884998,39.935001,39.580002,39.799999,36.659508,7360400
2013-11-27,39.845001,39.915001,39.544998,39.665001,36.535172,3734200
2013-11-29,39.790001,39.880001,39.540001,39.570000,36.447666,3475200
2013-12-02,39.735001,40.070000,39.459999,39.544998,36.424644,6467800
2013-12-03,39.445000,39.744999,39.299999,39.564999,36.443054,5129200
2013-12-04,39.450001,39.590000,39.130001,39.410000,36.300304,4833200
2013-12-05,39.494999,39.669998,39.314999,39.474998,36.360161,5493400
2013-12-06,39.810001,39.945000,39.630001,39.930000,36.779266,3894000
2013-12-09,39.965000,40.130001,39.834999,39.889999,36.742413,4299200
2013-12-10,39.674999,39.830002,39.555000,39.610001,36.484512,5393800
2013-12-11,39.459999,39.509998,38.365002,38.419998,35.388412,13311600
2013-12-12,38.459999,38.459999,37.709999,38.115002,35.217480,10826000
2013-12-13,38.174999,38.395000,38.119999,38.200001,35.296013,7562200
2013-12-16,38.455002,38.549999,38.139999,38.220001,35.314495,9731000
2013-12-17,38.470001,38.625000,38.200001,38.380001,35.462330,13980600
2013-12-18,38.500000,39.290001,38.474998,39.275002,36.289295,10814400
2013-12-19,39.285000,39.375000,38.880001,39.130001,36.155323,10294600
2013-12-20,38.720001,38.849998,38.320000,38.669998,35.730282,20442600
2013-12-23,38.544998,38.720001,38.345001,38.555000,35.624031,9376800
2013-12-24,38.610001,38.900002,38.605000,38.830002,35.878120,2782600
2013-12-26,38.869999,39.230000,38.849998,39.095001,36.122982,4609800
2013-12-27,39.375000,39.505001,39.014999,39.080002,36.109119,4640800
2013-12-30,38.959999,39.445000,38.959999,39.369999,36.377079,4289000
2013-12-31,39.384998,39.474998,39.174999,39.320000,36.330864,4106200
2014-01-02,39.075001,39.415001,38.965000,39.119999,36.146084,5318600
2014-01-03,39.075001,39.314999,38.980000,39.014999,36.049049,5597000
2014-01-06,39.235001,39.299999,38.705002,38.715000,35.771866,6045800
2014-01-07,38.855000,39.000000,38.705002,38.744999,35.799580,6769000
2014-01-08,38.750000,38.974998,38.465000,38.544998,35.614780,6897800
2014-01-09,38.709999,38.730000,38.380001,38.544998,35.614780,6263200
2014-01-10,38.500000,38.674999,38.349998,38.459999,35.536243,5108000
2014-01-13,38.415001,38.459999,37.500000,37.590000,34.732388,8262400
2014-01-14,37.549999,37.669998,37.325001,37.584999,34.727768,7808400
2014-01-15,37.625000,37.865002,37.570000,37.715000,34.847893,5852400
2014-01-16,37.615002,37.689999,37.174999,37.395000,34.552223,4848000
2014-01-17,37.299999,37.369999,36.689999,36.695000,33.905422,9851800
2014-01-21,37.070000,37.299999,36.705002,36.875000,34.071739,13147000
2014-01-22,36.980000,37.029999,36.750000,36.750000,33.956238,7424000
2014-01-23,36.505001,36.590000,36.009998,36.365002,33.600525,9505200
2014-01-24,36.145000,36.330002,35.820000,35.825001,33.101563,9212000
2014-01-27,35.955002,36.130001,35.860001,35.950001,33.217049,11411600
2014-01-28,36.145000,36.575001,36.075001,36.355000,33.591270,9069200
2014-01-29,36.154999,36.285000,35.755001,35.884998,33.157005,10488800
2014-01-30,36.224998,37.099998,36.189999,36.970001,34.159512,10438400
2014-01-31,36.494999,36.654999,36.180000,36.424999,33.655941,8652000
2014-02-03,36.380001,36.395000,35.389999,35.439999,32.745831,9516000
2014-02-04,35.480000,35.619999,35.169998,35.255001,32.574894,7004200
2014-02-05,35.235001,35.430000,34.924999,35.299999,32.616474,7366800
2014-02-06,35.375000,36.134998,35.250000,35.755001,33.036888,7358600
2014-02-07,35.955002,36.424999,35.875000,36.345001,33.582035,6747200
2014-02-10,36.365002,36.494999,36.060001,36.334999,33.572788,6430400
2014-02-11,36.325001,37.075001,36.224998,36.990002,34.178001,8739400
2014-02-12,37.154999,37.404999,36.919998,37.055000,34.238064,6396200
2014-02-13,36.915001,37.480000,36.869999,37.435001,34.589172,6161400
2014-02-14,37.435001,37.590000,37.099998,37.535000,34.681572,6204800
2014-02-18,37.570000,37.735001,37.450001,37.605000,34.746250,5935600
2014-02-19,37.305000,37.775002,37.305000,37.410000,34.566078,5401400
2014-02-20,37.494999,37.875000,37.430000,37.790001,34.917191,5581600
2014-02-21,37.695000,38.330002,37.680000,38.240002,35.332966,8728600
2014-02-24,38.294998,39.070000,38.244999,38.919998,35.961277,11072200
2014-02-25,38.865002,39.259998,38.785000,39.055000,36.086014,6844000
2014-02-26,39.154999,39.529999,39.154999,39.209999,36.229221,7917400
2014-02-27,39.000000,39.195000,38.740002,39.009998,36.155094,6599200
2014-02-28,38.950001,39.355000,38.805000,39.150002,36.284847,6875200
2014-03-03,38.814999,38.994999,38.275002,38.695000,35.863152,6069200
2014-03-04,39.285000,39.525002,39.180000,39.310001,36.433140,5661200
2014-03-05,39.259998,39.299999,38.680000,38.709999,35.877041,6733200
2014-03-06,38.900002,39.195000,38.680000,39.110001,36.247776,5536400
2014-03-07,39.549999,40.044998,39.540001,39.730000,36.822399,8930800
2014-03-10,39.584999,39.680000,39.224998,39.490002,36.599960,5344400
2014-03-11,39.525002,39.810001,39.285000,39.400002,36.516548,4906600
2014-03-12,39.049999,39.500000,39.014999,39.485001,36.595329,4296800
2014-03-13,39.625000,39.865002,39.165001,39.264999,36.391434,8400400
2014-03-14,39.145000,39.500000,38.904999,39.160000,36.294117,6086000
2014-03-17,39.435001,39.570000,39.259998,39.490002,36.599960,8577600
2014-03-18,39.590000,40.040001,39.525002,39.820000,36.905811,8245400
2014-03-19,39.674999,39.980000,39.279999,39.575001,36.678741,5970400
2014-03-20,39.474998,39.634998,38.884998,39.634998,36.734337,12440600
2014-03-21,38.549999,38.654999,37.500000,37.605000,34.852913,31767000
2014-03-24,37.740002,37.915001,37.285000,37.430000,34.690716,9999000
2014-03-25,37.674999,37.755001,36.794998,36.825001,34.130001,10527000
2014-03-26,37.090000,37.250000,36.610001,36.610001,33.930733,8537600
2014-03-27,36.654999,37.049999,36.505001,36.660000,33.977074,8158600
2014-03-28,36.790001,37.060001,36.639999,36.770000,34.079025,5987000
2014-03-31,37.000000,37.095001,36.724998,36.930000,34.227322,6356600
2014-04-01,37.009998,37.389999,37.009998,37.195000,34.472927,7399400
2014-04-02,37.355000,37.500000,37.160000,37.270000,34.542423,7614600
2014-04-03,37.279999,37.590000,36.910000,36.994999,34.287552,8255000
2014-04-04,37.185001,37.250000,36.259998,36.419998,33.754639,9720200
2014-04-07,36.404999,36.470001,35.299999,35.415001,32.823189,13853800
2014-04-08,36.110001,36.555000,35.950001,36.459999,33.791710,12659600
2014-04-09,36.630001,36.799999,36.264999,36.779999,34.088287,7078400
2014-04-10,36.884998,37.084999,36.125000,36.224998,33.573895,8376600
2014-04-11,36.000000,36.334999,35.610001,35.625000,33.017815,8698000
2014-04-14,35.849998,36.230000,35.650002,36.189999,33.541477,7264800
2014-04-15,36.189999,36.435001,35.865002,36.139999,33.495129,7777400
2014-04-16,36.419998,36.590000,36.250000,36.549999,33.875122,4611200
2014-04-17,36.669998,37.215000,36.645000,37.014999,34.306087,9041600
2014-04-21,36.955002,37.029999,36.660000,36.950001,34.245846,6811800
2014-04-22,36.855000,37.349998,36.855000,37.174999,34.454380,5122200
2014-04-23,37.270000,37.430000,37.005001,37.049999,34.338535,4719400
2014-04-24,37.009998,37.185001,36.549999,36.695000,34.009510,6784600
2014-04-25,36.544998,36.849998,36.255001,36.349998,33.689762,6481200
2014-04-28,36.680000,36.845001,35.549999,35.834999,33.212452,11446800
2014-04-29,35.860001,36.360001,35.825001,36.240002,33.587807,6236000
2014-04-30,36.165001,36.529999,36.044998,36.474998,33.805603,6173800
2014-05-01,36.404999,36.689999,36.294998,36.459999,33.791710,4818200
2014-05-02,36.465000,36.764999,36.419998,36.494999,33.824139,4048000
2014-05-05,36.334999,36.715000,36.130001,36.645000,33.963169,4655600
2014-05-06,36.494999,36.584999,36.105000,36.125000,33.481213,4585200
2014-05-07,36.355000,36.415001,35.764999,36.090000,33.448776,5605400
2014-05-08,36.139999,36.674999,36.125000,36.525002,33.851948,7965200
2014-05-09,36.435001,36.790001,36.345001,36.724998,34.037312,4817000
2014-05-12,36.810001,37.330002,36.685001,37.314999,34.584133,6636400
2014-05-13,37.334999,37.500000,37.264999,37.294998,34.565594,4530200
2014-05-14,37.240002,37.325001,36.750000,36.790001,34.097561,6281200
2014-05-15,36.705002,36.810001,36.185001,36.470001,33.800976,6039800
2014-05-16,36.480000,36.974998,36.415001,36.970001,34.264378,5376800
2014-05-19,37.009998,37.275002,36.865002,37.244999,34.519257,4682200
2014-05-20,37.020000,37.049999,36.555000,36.630001,33.949268,5921400
2014-05-21,36.689999,37.130001,36.630001,37.105000,34.389503,4671800
2014-05-22,37.209999,37.465000,37.000000,37.439999,34.699986,4866400
2014-05-23,37.564999,38.160000,37.480000,37.924999,35.149502,7335200
2014-05-27,38.220001,38.424999,38.110001,38.305000,35.501686,6698000
2014-05-28,38.264999,38.305000,37.959999,38.134998,35.344120,4730000
2014-05-29,38.099998,38.320000,37.994999,38.189999,35.506824,3987600
2014-05-30,38.200001,38.465000,38.150002,38.455002,35.753212,5192400
2014-06-02,38.494999,38.494999,38.150002,38.360001,35.664883,3809600
2014-06-03,38.209999,38.305000,37.740002,37.775002,35.120991,6793400
2014-06-04,37.720001,38.180000,37.709999,38.064999,35.390610,7356800
2014-06-05,38.154999,38.270000,37.660000,37.935001,35.269745,7326400
2014-06-06,38.080002,38.435001,38.075001,38.115002,35.437103,6637600
2014-06-09,38.049999,38.455002,38.049999,38.334999,35.641640,5028600
2014-06-10,38.169998,38.459999,38.119999,38.154999,35.474304,5150200
2014-06-11,37.834999,37.900002,37.450001,37.570000,34.930386,9250000
2014-06-12,37.595001,37.720001,37.290001,37.384998,34.758381,6330600
2014-06-13,37.369999,37.465000,36.570000,37.310001,34.688660,7712200
2014-06-16,37.404999,37.650002,37.200001,37.275002,34.656116,6531400
2014-06-17,37.384998,37.580002,37.125000,37.544998,34.907135,6122200
2014-06-18,37.619999,38.180000,37.360001,38.105000,35.427799,9852200
2014-06-19,38.215000,38.224998,37.605000,37.820000,35.162823,4977600
2014-06-20,38.044998,38.064999,37.525002,37.549999,34.911797,11385600
2014-06-23,37.549999,37.805000,37.200001,37.724998,35.074501,9069200
2014-06-24,37.695000,37.985001,37.465000,37.490002,34.856018,7617000
2014-06-25,37.514999,38.270000,37.514999,38.235001,35.548668,7172200
2014-06-26,38.285000,38.455002,37.834999,38.430000,35.729969,10522600
2014-06-27,39.264999,39.575001,38.840000,38.840000,36.111164,18138400
2014-06-30,38.755001,38.865002,38.544998,38.775002,36.050728,8535800
2014-07-01,38.865002,39.270000,38.865002,39.000000,36.259930,7129200
2014-07-02,39.029999,39.205002,38.845001,38.895000,36.162296,5577200
2014-07-03,38.764999,39.310001,38.500000,39.224998,36.469109,4568600
2014-07-07,39.000000,39.415001,38.970001,39.325001,36.562088,5464800
2014-07-08,39.154999,39.205002,38.535000,38.834999,36.106525,8044400
2014-07-09,38.889999,39.384998,38.845001,39.345001,36.580681,7028800
2014-07-10,38.634998,38.904999,38.395000,38.750000,36.027489,6357000
2014-07-11,38.639999,38.794998,38.380001,38.645000,35.929859,5758000
2014-07-14,38.974998,39.095001,38.794998,38.974998,36.236679,5503400
2014-07-15,38.759998,39.105000,38.740002,39.014999,36.273857,6506000
2014-07-16,38.924999,39.115002,38.384998,38.459999,35.757854,7449600
2014-07-17,38.215000,38.485001,38.150002,38.264999,35.576569,7461600
2014-07-18,38.424999,38.855000,38.334999,38.759998,36.036781,6065200
2014-07-21,38.415001,38.650002,38.349998,38.410000,35.711372,4209400
2014-07-22,38.555000,38.820000,38.500000,38.520000,35.813644,5036000
2014-07-23,38.630001,38.724998,38.415001,38.685001,35.967064,4092200
2014-07-24,38.970001,39.384998,38.930000,39.299999,36.538845,8030200
2014-07-25,39.169998,39.389999,38.805000,38.860001,36.129768,4540400
2014-07-28,38.965000,39.299999,38.759998,39.200001,36.445873,4065200
2014-07-29,39.209999,39.430000,39.049999,39.049999,36.306412,4669600
2014-07-30,39.195000,39.970001,39.139999,39.805000,37.008362,9048200
2014-07-31,39.330002,39.509998,38.490002,38.564999,35.855473,7796800
2014-08-01,38.270000,38.625000,38.195000,38.389999,35.692776,5825800
2014-08-04,38.439999,38.705002,38.145000,38.580002,35.869434,4839400
2014-08-05,38.380001,38.820000,38.264999,38.459999,35.757854,4866200
2014-08-06,38.255001,38.619999,38.224998,38.570000,35.860138,5074400
2014-08-07,38.849998,38.865002,37.990002,38.174999,35.492878,6737400
2014-08-08,38.154999,38.549999,37.950001,38.529999,35.822937,6714800
2014-08-11,38.740002,38.750000,38.490002,38.529999,35.822937,7828600
2014-08-12,38.500000,38.720001,38.244999,38.365002,35.669533,9142000
2014-08-13,38.540001,38.895000,38.270000,38.625000,35.911266,6400400
2014-08-14,38.759998,38.904999,38.480000,38.650002,35.934521,3935000
2014-08-15,38.860001,39.000000,38.244999,38.564999,35.855473,4490000
2014-08-18,38.865002,39.345001,38.785000,39.275002,36.515602,5697400
2014-08-19,39.355000,39.544998,39.174999,39.255001,36.497002,4424000
2014-08-20,39.095001,39.540001,39.095001,39.455002,36.682957,3965800
2014-08-21,39.520000,39.700001,39.325001,39.470001,36.696896,4001800
2014-08-22,39.625000,39.865002,39.459999,39.645000,36.859604,5807400
2014-08-25,39.799999,40.150002,39.750000,40.005001,37.194321,5074400
2014-08-26,40.014999,40.049999,39.709999,39.740002,36.947937,5216400
2014-08-27,39.994999,39.994999,39.709999,39.860001,37.059498,3679400
2014-08-28,39.509998,39.610001,39.330002,39.410000,36.751762,5169200
2014-08-29,39.424999,39.470001,39.134998,39.275002,36.625866,6423000
2014-09-02,39.174999,39.759998,39.174999,39.639999,36.966244,8164200
2014-09-03,39.895000,39.939999,39.270000,39.410000,36.751762,4409600
2014-09-04,39.599998,40.110001,39.590000,39.959999,37.264664,6022800
2014-09-05,39.770000,41.055000,39.674999,41.020000,38.253159,12380600
2014-09-08,40.959999,41.395000,40.544998,41.200001,38.421024,11728200
2014-09-09,41.134998,41.270000,40.755001,40.919998,38.159912,8119000
2014-09-10,40.865002,41.305000,40.750000,41.235001,38.453659,6742400
2014-09-11,41.080002,41.294998,40.770000,40.910000,38.150578,7460400
2014-09-12,40.985001,41.000000,40.705002,40.919998,38.159912,5926200
2014-09-15,41.049999,41.090000,40.505001,40.805000,38.052662,6729000
2014-09-16,40.615002,40.770000,40.415001,40.599998,37.861481,9393200
2014-09-17,40.775002,40.915001,40.500000,40.755001,38.006042,7443200
2014-09-18,40.924999,41.000000,40.625000,40.985001,38.220528,6393400
2014-09-19,41.320000,41.369999,40.665001,40.904999,38.145916,19704400
2014-09-22,40.840000,40.935001,40.099998,40.355000,37.633007,8138400
2014-09-23,40.259998,40.290001,39.945000,40.060001,37.357914,6046800
2014-09-24,40.070000,40.435001,39.959999,40.419998,37.693634,6754000
2014-09-25,40.340000,40.340000,39.634998,39.875000,37.185390,14138400
2014-09-26,43.990002,44.994999,43.650002,44.750000,41.731560,35090400
2014-09-29,44.134998,45.049999,44.134998,44.560001,41.554390,14834400
2014-09-30,44.345001,45.145000,44.200001,44.599998,41.591690,11583400
2014-10-01,44.455002,44.500000,43.755001,43.849998,40.892273,9471600
2014-10-02,43.834999,44.755001,43.439999,44.650002,41.638309,8739200
2014-10-03,44.880001,45.224998,44.584999,45.145000,42.099926,8790000
2014-10-06,45.145000,45.250000,44.279999,44.610001,41.601013,7031200
2014-10-07,44.299999,44.595001,44.014999,44.035000,41.064796,5486400
2014-10-08,44.055000,44.580002,43.764999,44.415001,41.419167,7481200
2014-10-09,44.224998,44.494999,43.549999,43.615002,40.673122,7462200
2014-10-10,43.720001,44.099998,43.505001,43.595001,40.654476,9048200
2014-10-13,43.480000,43.560001,42.619999,42.695000,39.815186,8005200
2014-10-14,42.889999,42.955002,42.419998,42.544998,39.675289,9853400
2014-10-15,42.560001,43.549999,42.049999,42.590000,39.717266,17571600
2014-10-16,42.095001,43.625000,41.924999,43.520000,40.584538,13644000
2014-10-17,43.895000,44.174999,43.465000,43.590000,40.649815,11396800
2014-10-20,43.400002,44.465000,43.384998,44.450001,41.451805,6743400
2014-10-21,44.650002,45.349998,44.509998,45.320000,42.263119,6459600
2014-10-22,45.325001,45.764999,44.904999,44.930000,41.899429,7087800
2014-10-23,45.064999,45.660000,44.974998,45.185001,42.137230,6191800
2014-10-24,44.974998,45.494999,44.955002,45.450001,42.384354,4931000
2014-10-27,45.455002,45.889999,45.215000,45.820000,42.729389,5819400
2014-10-28,45.764999,46.224998,45.654999,46.224998,43.107075,6358400
2014-10-29,46.080002,46.270000,45.709999,45.974998,42.873936,4998600
2014-10-30,45.884998,46.500000,45.775002,46.500000,43.363533,4585200
2014-10-31,47.064999,47.070000,46.334999,46.485001,43.349541,6463600
2014-11-03,46.674999,46.740002,46.435001,46.724998,43.573349,4862800
2014-11-04,46.529999,47.009998,46.310001,46.974998,43.806488,4441400
2014-11-05,47.419998,47.419998,46.855000,47.340000,44.146870,6513800
2014-11-06,47.424999,47.544998,47.270000,47.299999,44.109566,5482000
2014-11-07,47.375000,47.375000,46.770000,46.889999,43.727219,4909800
2014-11-10,47.020000,47.535000,47.020000,47.480000,44.277424,5898200
2014-11-11,47.599998,47.650002,47.290001,47.439999,44.240116,4563200
2014-11-12,47.224998,47.959999,47.115002,47.904999,44.673767,5018400
2014-11-13,48.090000,48.275002,47.779999,48.060001,44.818302,5417400
2014-11-14,47.895000,47.939999,47.505001,47.750000,44.529213,6406800
2014-11-17,47.685001,48.095001,47.520000,48.029999,44.790321,5931000
2014-11-18,47.994999,48.424999,47.880001,48.235001,44.981506,4803400
2014-11-19,48.250000,48.549999,48.174999,48.474998,45.205307,4586000
2014-11-20,48.310001,48.849998,48.154999,48.650002,45.368515,4822400
2014-11-21,49.345001,49.480000,48.330002,48.709999,45.424469,7016400
2014-11-24,48.895000,49.250000,48.869999,48.974998,45.671593,5081600
2014-11-25,49.150002,49.250000,48.634998,48.645000,45.363842,6177200
2014-11-26,48.650002,48.939999,48.549999,48.900002,45.601643,3948800
2014-11-28,49.169998,49.880001,49.115002,49.645000,46.296394,3609400
2014-12-01,49.330002,49.695000,48.830002,48.845001,45.550346,5139200
2014-12-02,49.029999,49.360001,48.845001,49.020000,45.713547,4384000
2014-12-03,49.080002,49.299999,48.759998,49.250000,45.928051,3792000
2014-12-04,49.250000,49.695000,49.029999,49.525002,46.184498,4128200
2014-12-05,49.630001,49.750000,49.415001,49.665001,46.315044,3408200
2014-12-08,49.525002,49.525002,48.650002,48.860001,45.564342,5155200
2014-12-09,48.529999,48.700001,47.990002,48.514999,45.242619,5989000
2014-12-10,48.240002,49.119999,48.230000,48.830002,45.536373,6457800
2014-12-11,48.740002,49.299999,48.419998,48.465000,45.325939,8723600
2014-12-12,48.325001,48.945000,48.084999,48.084999,44.970554,8243800
2014-12-15,48.215000,48.465000,47.389999,47.715000,44.624512,10152600
2014-12-16,47.674999,47.709999,46.485001,46.605000,43.586407,14614400
2014-12-17,46.865002,47.380001,46.450001,47.250000,44.189640,11205200
2014-12-18,48.134998,48.540001,47.529999,48.540001,45.396080,18960800
2014-12-19,47.750000,48.139999,46.415001,47.419998,44.348621,27002000
2014-12-22,47.564999,47.965000,47.509998,47.965000,44.858334,7662200
2014-12-23,48.000000,48.255001,47.794998,47.985001,44.877033,5241800
2014-12-24,48.200001,48.674999,48.044998,48.145000,45.026665,2439600
2014-12-26,48.255001,48.605000,48.125000,48.415001,45.279179,3144400
2014-12-29,48.305000,48.825001,48.305000,48.650002,45.498959,4017800
2014-12-30,48.439999,48.650002,48.310001,48.439999,45.302563,4146800
2014-12-31,48.485001,48.805000,48.020000,48.075001,44.961201,4697400
2015-01-02,48.275002,48.474998,47.055000,47.514999,44.437469,4985800
2015-01-05,47.255001,47.275002,46.564999,46.750000,43.722023,6889200
2015-01-06,46.945000,47.075001,46.035000,46.474998,43.464821,7576000
2015-01-07,46.805000,47.650002,46.549999,47.435001,44.362659,7256000
2015-01-08,47.830002,48.549999,47.810001,48.529999,45.386726,5978200
2015-01-09,48.465000,48.494999,47.799999,47.994999,44.886387,4689000
2015-01-12,47.955002,48.259998,47.615002,47.930000,44.825592,5630800
2015-01-13,48.169998,48.724998,47.314999,47.505001,44.428127,6182200
2015-01-14,46.689999,47.185001,46.455002,46.855000,43.820213,6750400
2015-01-15,47.314999,47.340000,46.285000,46.404999,43.399364,4235000
2015-01-16,46.384998,46.564999,46.014999,46.494999,43.483540,8770000
2015-01-20,46.720001,46.945000,46.310001,46.805000,43.773468,9403800
2015-01-21,46.555000,47.064999,46.505001,46.755001,43.726700,5854000
2015-01-22,47.174999,48.055000,46.779999,47.924999,44.820904,6952400
2015-01-23,48.070000,48.375000,47.825001,48.080002,44.965889,6781000
2015-01-26,48.000000,48.235001,47.775002,48.174999,45.054733,4964000
2015-01-27,47.650002,47.724998,47.060001,47.250000,44.189640,6696800
2015-01-28,47.500000,47.660000,46.625000,46.654999,43.633183,6402600
2015-01-29,46.834999,47.435001,46.584999,47.435001,44.362659,6802400
2015-01-30,46.959999,47.180000,46.049999,46.125000,43.137493,8106400
2015-02-02,46.340000,46.345001,45.384998,45.959999,42.983189,8056600
2015-02-03,46.115002,46.695000,46.014999,46.674999,43.651875,7940200
2015-02-04,46.384998,46.634998,46.134998,46.270000,43.273117,7187400
2015-02-05,46.439999,46.794998,46.279999,46.669998,43.647198,5754400
2015-02-06,46.700001,46.735001,45.770000,45.895000,42.922409,7381800
2015-02-09,45.750000,45.849998,45.345001,45.584999,42.632473,7339400
2015-02-10,45.869999,46.549999,45.610001,46.375000,43.371315,7694600
2015-02-11,46.244999,46.375000,45.474998,45.654999,42.697945,8541000
2015-02-12,45.730000,46.330002,45.400002,46.000000,43.020599,11855800
2015-02-13,46.009998,46.285000,45.950001,46.020000,43.039299,7695600
2015-02-17,45.869999,46.450001,45.860001,45.930000,42.955139,7371000
2015-02-18,45.770000,46.884998,45.715000,46.810001,43.778137,8143800
2015-02-19,46.740002,47.130001,46.740002,46.849998,43.815536,6605200
2015-02-20,46.805000,47.645000,46.674999,47.465000,44.390713,7398000
2015-02-23,47.459999,47.615002,47.139999,47.505001,44.428127,4622200
2015-02-24,47.375000,47.770000,47.375000,47.709999,44.619846,5239200
2015-02-25,47.709999,48.599998,47.709999,48.410000,45.274509,7053600
2015-02-26,48.330002,48.665001,48.325001,48.494999,45.485535,5935000
2015-02-27,48.474998,48.705002,48.314999,48.560001,45.546516,7118600
2015-03-02,48.445000,49.430000,48.375000,49.375000,46.310928,11025000
2015-03-03,49.220001,49.235001,48.560001,48.985001,45.945137,7038400
2015-03-04,48.834999,48.935001,48.480000,48.759998,45.734089,4853000
2015-03-05,48.980000,49.340000,48.895000,49.230000,46.174931,6633600
2015-03-06,49.230000,49.345001,48.299999,48.455002,45.448029,7174600
2015-03-09,48.544998,48.910000,48.470001,48.715000,45.691891,5938800
2015-03-10,48.209999,48.485001,48.125000,48.255001,45.260441,7096000
2015-03-11,48.189999,48.540001,47.590000,47.669998,44.711731,7484200
2015-03-12,47.750000,48.549999,47.689999,48.520000,45.508991,5809800
2015-03-13,48.520000,48.740002,47.650002,47.904999,44.932156,7396200
2015-03-16,48.099998,48.400002,47.965000,48.220001,45.227612,8497000
2015-03-17,48.070000,48.389999,47.755001,48.270000,45.274509,6408200
2015-03-18,48.270000,48.935001,47.805000,48.755001,45.729412,8855600
2015-03-19,48.904999,49.310001,48.605000,49.160000,46.109272,13536000
2015-03-20,51.314999,51.895000,50.625000,50.990002,47.825714,29779800
2015-03-23,50.775002,51.299999,50.599998,50.730000,47.581837,10471800
2015-03-24,50.525002,50.830002,50.299999,50.325001,47.201981,7598800
2015-03-25,50.500000,50.590000,49.470001,49.494999,46.423473,8133400
2015-03-26,49.169998,50.044998,48.834999,49.665001,46.582935,9479800
2015-03-27,49.560001,50.090000,49.560001,49.939999,46.840866,4403600
2015-03-30,50.615002,50.775002,50.270000,50.445000,47.314522,5435400
2015-03-31,50.439999,50.919998,50.145000,50.165001,47.051914,6309200
2015-04-01,50.000000,50.139999,49.169998,49.775002,46.686115,6605400
2015-04-02,50.020000,50.160000,49.695000,49.830002,46.737698,3840400
2015-04-06,49.375000,50.314999,49.275002,49.865002,46.770531,5027400
2015-04-07,49.865002,50.130001,49.735001,49.805000,46.714245,3993600
2015-04-08,50.000000,50.485001,49.860001,50.419998,47.291080,6522400
2015-04-09,50.500000,50.845001,50.299999,50.360001,47.234810,5301000
2015-04-10,50.459999,50.540001,49.965000,49.985001,46.883072,5918200
2015-04-13,49.985001,50.029999,49.529999,49.634998,46.554798,7313800
2015-04-14,49.529999,49.904999,49.349998,49.764999,46.676727,4770800
2015-04-15,50.314999,50.365002,49.865002,49.915001,46.817429,5716200
2015-04-16,49.744999,50.084999,49.700001,49.950001,46.850262,4104000
2015-04-17,49.584999,49.685001,49.070000,49.275002,46.217136,6049600
2015-04-20,49.540001,50.169998,49.509998,49.994999,46.892460,6208600
2015-04-21,50.380001,50.424999,49.860001,50.145000,47.033150,5125200
2015-04-22,50.150002,50.195000,49.645000,50.075001,46.967491,3905800
2015-04-23,49.889999,50.799999,49.724998,50.555000,47.417706,4668200
2015-04-24,50.230000,50.639999,50.105000,50.474998,47.342663,4334000
2015-04-27,50.634998,51.000000,50.384998,50.470001,47.337971,5158400
2015-04-28,50.400002,50.400002,49.595001,49.930000,46.831490,6031600
2015-04-29,49.764999,50.244999,49.630001,50.084999,46.976864,5395200
2015-04-30,49.875000,50.255001,49.230000,49.419998,46.353134,6497000
2015-05-01,49.939999,50.410000,49.705002,50.389999,47.262939,6683400
2015-05-04,50.500000,50.599998,50.240002,50.415001,47.286385,4557800
2015-05-05,50.215000,50.435001,50.130001,50.209999,47.094116,5104400
2015-05-06,50.134998,50.500000,49.840000,50.110001,47.000324,5396600
2015-05-07,50.224998,50.794998,50.009998,50.724998,47.577156,5526200
2015-05-08,51.145000,51.650002,51.145000,51.220001,48.041431,5534800
2015-05-11,51.209999,51.610001,51.044998,51.395000,48.205574,5339800
2015-05-12,50.990002,51.345001,50.799999,51.185001,48.008606,4676400
2015-05-13,51.345001,51.365002,50.895000,51.080002,47.910122,4508200
2015-05-14,51.470001,51.755001,51.154999,51.720001,48.510399,5433400
2015-05-15,51.825001,52.514999,51.685001,52.490002,49.232624,7865200
2015-05-18,52.555000,52.750000,52.209999,52.375000,49.124763,5045200
2015-05-19,52.310001,52.590000,52.174999,52.320000,49.073166,5971200
2015-05-20,52.459999,52.575001,52.105000,52.305000,49.059109,5399200
2015-05-21,52.435001,52.599998,52.119999,52.200001,48.960625,5455200
2015-05-22,52.605000,52.610001,52.020000,52.215000,48.974686,5654800
2015-05-26,52.215000,52.375000,51.590000,51.709999,48.501034,5691400
2015-05-27,51.740002,51.959999,51.154999,51.419998,48.229023,8896800
2015-05-28,51.115002,51.474998,50.755001,51.150002,48.106758,5781600
2015-05-29,51.150002,51.189999,50.520000,50.834999,47.810513,5562200
2015-06-01,50.884998,51.145000,50.724998,50.880001,47.852833,4944000
2015-06-02,50.900002,51.345001,50.750000,51.055000,48.017399,4974400
2015-06-03,51.145000,51.544998,50.884998,51.255001,48.205517,4766800
2015-06-04,51.029999,51.650002,50.810001,50.974998,47.942165,4467200
2015-06-05,50.750000,51.125000,50.564999,51.014999,47.979790,3791800
2015-06-08,50.799999,50.945000,50.689999,50.720001,47.702343,4314000
2015-06-09,50.744999,50.965000,50.389999,50.674999,47.660023,3476800
2015-06-10,50.915001,52.014999,50.830002,51.669998,48.595821,6270400
2015-06-11,52.544998,52.560001,51.735001,51.939999,48.849754,6178000
2015-06-12,51.775002,52.049999,51.605000,51.889999,48.802727,4133000
2015-06-15,51.549999,51.924999,51.365002,51.674999,48.600529,4902000
2015-06-16,51.740002,52.490002,51.720001,52.279999,49.169525,5034000
2015-06-17,52.369999,52.584999,52.040001,52.375000,49.258869,4072400
2015-06-18,52.525002,53.334999,52.505001,53.000000,49.846691,5690600
2015-06-19,53.014999,53.424999,52.970001,53.264999,50.095928,7285600
2015-06-22,53.430000,53.724998,53.325001,53.395000,50.218189,4186600
2015-06-23,53.599998,53.630001,53.410000,53.599998,50.410988,5934200
2015-06-24,53.599998,53.685001,53.020000,53.110001,49.950150,5056200
2015-06-25,53.404999,53.404999,52.334999,52.610001,49.479900,10811400
2015-06-26,54.185001,55.169998,54.185001,54.855000,51.591320,20287600
2015-06-29,54.634998,54.744999,53.830002,53.834999,50.632008,9005000
2015-06-30,54.424999,54.439999,53.900002,54.009998,50.796604,7531200
2015-07-01,54.474998,54.715000,54.294998,54.715000,51.459652,5924000
2015-07-02,54.955002,55.365002,54.544998,54.935001,51.666557,5900000
2015-07-06,54.544998,55.255001,54.505001,54.919998,51.652451,4991400
2015-07-07,55.040001,55.665001,54.529999,55.645000,52.334328,7207000
2015-07-08,55.110001,55.375000,54.500000,54.634998,51.384399,6733600
2015-07-09,55.119999,55.459999,54.595001,54.720001,51.464359,6168400
2015-07-10,55.264999,55.400002,54.500000,55.259998,51.972221,5159200
2015-07-13,55.619999,56.275002,55.400002,56.205002,52.861004,5047600
2015-07-14,56.419998,56.529999,55.959999,56.169998,52.828083,5561400
2015-07-15,56.000000,56.195000,55.845001,55.950001,52.621174,5016400
2015-07-16,56.380001,56.450001,55.924999,56.169998,52.828083,4334600
2015-07-17,56.185001,56.490002,55.950001,56.400002,53.044403,4545400
2015-07-20,56.634998,56.775002,56.410000,56.564999,53.199589,5978200
2015-07-21,56.490002,56.785000,56.360001,56.494999,53.133743,4626400
2015-07-22,56.435001,57.110001,56.435001,57.044998,53.651024,5954200
2015-07-23,57.250000,57.349998,56.904999,57.000000,53.608704,6714200
2015-07-24,57.090000,57.090000,56.235001,56.494999,53.133743,5967200
2015-07-27,56.200001,56.459999,55.474998,55.865002,52.541245,6648000
2015-07-28,56.035000,56.955002,55.924999,56.735001,53.359474,6948200
2015-07-29,56.790001,57.669998,56.750000,57.459999,54.041340,6839800
2015-07-30,57.474998,57.700001,56.970001,57.505001,54.083656,5594000
2015-07-31,57.750000,57.970001,57.415001,57.610001,54.182411,5078600
2015-08-03,57.755001,58.000000,56.794998,57.415001,53.999016,4992000
2015-08-04,57.474998,57.965000,57.165001,57.884998,54.441055,5229000
2015-08-05,58.305000,58.860001,58.174999,58.375000,54.901909,6853000
2015-08-06,58.500000,58.750000,57.185001,57.560001,54.135387,6211400
2015-08-07,57.360001,57.480000,56.549999,57.255001,53.848537,5907800
2015-08-10,57.695000,58.084999,57.424999,57.680000,54.248249,4613200
2015-08-11,57.070000,57.494999,56.814999,57.230000,53.825020,5107400
2015-08-12,56.770000,56.875000,55.325001,56.529999,53.166664,7127000
2015-08-13,56.634998,57.264999,56.474998,56.799999,53.420605,5907800
2015-08-14,56.794998,57.285000,56.555000,57.180000,53.777992,4685200
2015-08-17,57.060001,57.564999,56.544998,57.490002,54.069565,3917400
2015-08-18,57.560001,57.840000,57.294998,57.410000,53.994308,3669400
2015-08-19,57.000000,58.025002,56.775002,57.480000,54.060143,6216400
2015-08-20,56.855000,57.224998,56.119999,56.150002,52.809288,6536800
2015-08-21,55.735001,55.830002,53.419998,53.435001,50.255810,15912800
2015-08-24,50.130001,53.689999,47.250000,51.935001,48.845058,19882600
2015-08-25,53.639999,53.654999,51.740002,51.764999,48.685169,13616200
2015-08-26,53.250000,54.505001,51.990002,54.380001,51.144588,15156000
2015-08-27,55.185001,56.345001,54.814999,56.310001,52.959759,13617400
2015-08-28,56.299999,56.500000,55.820000,56.250000,52.903328,7526200
2015-08-31,56.195000,56.244999,55.615002,55.875000,52.550636,7073600
2015-09-01,54.490002,54.915001,54.014999,54.314999,51.083454,9385200
2015-09-02,55.075001,55.389999,54.599998,55.349998,52.056870,8536400
2015-09-03,55.615002,56.044998,55.205002,55.424999,52.259602,6065000
2015-09-04,54.610001,55.215000,54.470001,54.845001,51.712723,7126200
2015-09-08,55.730000,55.935001,55.110001,55.875000,52.683899,5511400
2015-09-09,56.355000,56.494999,54.805000,54.930000,51.792877,6349800
2015-09-10,54.830002,55.520000,54.470001,55.189999,52.038017,7363000
2015-09-11,55.115002,55.919998,54.994999,55.910000,52.716892,5589600
2015-09-14,55.755001,56.029999,55.570000,55.945000,52.749897,6833200
2015-09-15,55.950001,57.040001,55.400002,56.919998,53.669212,7699400
2015-09-16,57.165001,57.955002,56.919998,57.790001,54.489529,8104400
2015-09-17,57.619999,58.395000,57.279999,57.634998,54.343376,8062600
2015-09-18,57.075001,57.814999,56.880001,57.525002,54.239658,18615000
2015-09-21,57.834999,58.544998,57.380001,58.279999,54.951542,8746600
2015-09-22,57.625000,58.080002,57.189999,57.985001,54.673393,7555400
2015-09-23,57.985001,58.299999,57.599998,57.715000,54.418816,9055800
2015-09-24,57.150002,57.575001,56.750000,57.395000,54.117088,14352600
2015-09-25,61.564999,62.974998,61.349998,62.500000,58.930531,36968200
2015-09-28,62.250000,62.380001,60.424999,61.070000,57.582203,16450800
2015-09-29,61.000000,61.044998,59.525002,59.834999,56.417725,14414400
2015-09-30,60.369999,61.560001,60.369999,61.485001,57.973499,9437800
2015-10-01,61.580002,61.970001,60.639999,61.915001,58.378944,8994200
2015-10-02,61.044998,62.605000,60.779999,62.605000,59.029530,9114400
2015-10-05,62.919998,63.244999,62.044998,62.134998,58.586380,9646400
2015-10-06,62.134998,62.400002,61.294998,61.595001,58.077217,7665400
2015-10-07,61.805000,62.224998,60.500000,61.049999,57.563351,10215400
2015-10-08,61.459999,62.619999,61.334999,62.455002,58.888107,7622600
2015-10-09,62.279999,62.669998,62.044998,62.470001,58.902248,6940600
2015-10-12,62.599998,63.549999,62.509998,63.215000,59.604694,5449000
2015-10-13,63.000000,63.270000,62.794998,62.904999,59.312397,6355400
2015-10-14,62.994999,63.305000,62.695000,62.919998,59.326542,6509000
2015-10-15,63.610001,64.584999,63.480000,64.394997,60.717304,10764800
2015-10-16,64.750000,65.294998,64.434998,65.235001,61.509342,9321600
2015-10-19,65.855003,66.760002,65.555000,66.605003,62.801094,12587800
2015-10-20,66.525002,66.680000,65.985001,66.184998,62.405075,9104200
2015-10-21,66.324997,66.610001,65.915001,66.235001,62.452229,5504000
2015-10-22,66.434998,66.724998,65.290001,66.205002,62.423943,9294800
2015-10-23,66.535004,66.599998,64.455002,65.264999,61.537624,10517800
2015-10-26,65.135002,66.114998,65.135002,65.690002,61.938347,6882800
2015-10-27,65.500000,65.620003,64.830002,65.410004,61.674343,6150000
2015-10-28,65.860001,66.025002,64.964996,65.644997,61.895920,7091400
2015-10-29,65.339996,65.735001,64.980003,65.559998,61.815784,4959000
2015-10-30,65.775002,65.809998,65.035004,65.514999,61.773346,7230800
2015-11-02,65.864998,66.000000,64.730003,65.595001,61.848785,6123200
2015-11-03,65.620003,65.849998,65.339996,65.699997,61.947773,5492000
2015-11-04,65.695000,65.934998,64.940002,65.180000,61.457466,5190200
2015-11-05,65.589996,66.220001,65.230003,65.930000,62.164642,5068200
2015-11-06,65.800003,66.470001,65.680000,65.889999,62.126926,4837600
2015-11-09,65.625000,65.709999,64.635002,65.239998,61.514053,6181200
2015-11-10,65.044998,65.345001,64.764999,65.000000,61.287746,5287400
2015-11-11,65.139999,65.294998,63.639999,63.709999,60.071426,8578000
2015-11-12,63.500000,64.000000,62.705002,62.990002,59.392551,9388000
2015-11-13,62.540001,62.610001,60.575001,60.930000,57.450191,16371000
2015-11-16,60.900002,61.740002,60.669998,61.730000,58.204506,9146400
2015-11-17,61.525002,61.799999,60.209999,61.290001,57.789646,10581600
2015-11-18,61.520000,63.014999,61.330002,62.889999,59.298260,10597800
2015-11-19,63.130001,63.494999,62.689999,62.889999,59.298260,8557600
2015-11-20,66.035004,66.400002,65.239998,66.324997,62.537090,19064800
2015-11-23,66.410004,66.500000,65.889999,66.230003,62.447517,7135600
2015-11-24,65.815002,66.489998,65.629997,66.254997,62.471069,5311600
2015-11-25,66.540001,67.275002,66.514999,67.065002,63.234818,6989000
2015-11-27,67.459999,67.650002,66.665001,67.165001,63.329113,4527800
2015-11-30,66.964996,67.095001,65.820000,66.139999,62.362652,8738800
2015-12-01,66.059998,66.709999,65.959999,66.654999,62.848228,6857000
2015-12-02,66.425003,66.610001,66.050003,66.324997,62.537090,7965600
2015-12-03,66.555000,66.680000,64.500000,64.559998,60.872879,10649800
2015-12-04,64.900002,66.459999,64.900002,66.165001,62.386230,7410400
2015-12-07,66.375000,66.449997,65.305000,65.800003,62.192474,6190000
2015-12-08,65.434998,66.370003,65.214996,65.849998,62.239719,5605800
2015-12-09,65.379997,65.769997,63.869999,64.419998,60.888123,7442800
2015-12-10,64.360001,64.820000,64.004997,64.320000,60.793602,5682600
2015-12-11,63.810001,63.869999,62.834999,63.145000,59.683025,8276000
2015-12-14,63.314999,64.165001,63.060001,63.930000,60.424984,7991400
2015-12-15,64.800003,65.000000,64.175003,64.305000,60.779423,6869600
2015-12-16,64.684998,65.599998,64.410004,65.464996,61.875832,7542200
2015-12-17,65.849998,65.925003,65.035004,65.110001,61.540298,7400800
2015-12-18,64.864998,65.264999,64.184998,64.260002,60.736900,13804600
2015-12-21,64.839996,65.154999,64.305000,64.900002,61.341816,8972600
2015-12-22,65.739998,65.925003,64.910004,65.925003,62.310604,17218400
2015-12-23,68.120003,68.195000,63.910000,64.355003,60.826691,57319400
2015-12-24,64.550003,64.730003,62.150002,63.180000,59.716110,13889100
2015-12-28,63.209999,63.880001,62.799999,63.810001,60.311569,8786800
2015-12-29,64.309998,64.480003,64.019997,64.260002,60.736900,6708600
2015-12-30,64.360001,64.400002,63.169998,63.250000,59.782261,5817900
2015-12-31,63.150002,63.169998,62.500000,62.500000,59.073376,6454700
2016-01-04,61.110001,61.910000,60.860001,61.520000,58.147118,11626800
2016-01-05,61.720001,62.590000,61.720001,62.380001,58.959965,9220600
2016-01-06,61.299999,62.040001,61.150002,61.490002,58.118759,6551600
2016-01-07,60.389999,61.259998,59.779999,59.849998,56.568672,10881300
2016-01-08,60.060001,60.790001,58.660000,58.869999,55.642403,11191300
2016-01-11,58.970001,60.040001,58.540001,59.549999,56.285118,12825000
2016-01-12,60.349998,60.820000,59.570000,59.939999,56.653732,8292200
2016-01-13,60.529999,60.529999,58.669998,58.779999,55.557343,9944300
2016-01-14,59.000000,59.349998,57.279999,58.509998,55.302143,9989000
2016-01-15,56.930000,58.139999,56.590000,57.560001,54.404232,12208300
2016-01-19,58.189999,59.070000,57.669998,58.320000,55.122570,9924300
2016-01-20,57.250000,59.590000,56.750000,59.040001,55.803089,16234200
2016-01-21,59.080002,61.160000,59.060001,60.560001,57.239750,16121600
2016-01-22,61.290001,61.470001,60.590000,60.880001,57.542202,8430100
2016-01-25,61.090000,61.299999,60.619999,60.700001,57.372070,10383400
2016-01-26,60.490002,61.369999,60.270000,61.110001,57.759605,8005200
2016-01-27,60.959999,61.099998,59.200001,59.580002,56.313477,8593700
2016-01-28,60.320000,61.599998,59.980000,61.200001,57.844666,10207000
2016-01-29,61.200001,62.160000,61.200001,62.009998,58.610252,10475200
2016-02-01,61.750000,63.470001,61.700001,63.160000,59.697193,8247800
2016-02-02,63.020000,63.500000,62.310001,62.549999,59.120644,9458500
2016-02-03,62.880001,62.900002,61.299999,62.490002,59.063934,7213500
2016-02-04,62.020000,62.160000,59.990002,60.169998,56.871132,10455700
2016-02-05,59.759998,59.840000,56.980000,57.169998,54.035599,14415900
2016-02-08,56.099998,56.209999,53.639999,55.040001,52.022385,21214500
2016-02-09,54.500000,56.619999,54.279999,55.680000,52.627304,10915700
2016-02-10,56.540001,58.180000,55.930000,57.410000,54.262451,13376800
2016-02-11,56.459999,56.910000,55.389999,56.000000,52.929756,13090900
2016-02-12,57.369999,57.450001,55.500000,56.419998,53.326721,10229500
2016-02-16,57.570000,58.000000,56.820000,57.790001,54.621616,8058000
2016-02-17,58.599998,58.599998,57.099998,58.169998,54.980778,10332700
2016-02-18,58.169998,58.959999,57.980000,58.599998,55.387203,9658600
2016-02-19,58.500000,59.310001,57.630001,59.310001,56.058281,10080100
2016-02-22,59.310001,60.480000,59.259998,60.169998,56.871132,11523400
2016-02-23,60.259998,60.740002,59.889999,60.209999,56.908928,7504600
2016-02-24,59.740002,60.700001,59.200001,60.400002,57.088516,10390800
2016-02-25,60.680000,62.380001,60.630001,62.380001,58.959965,8524300
2016-02-26,62.639999,63.490002,62.470001,62.599998,59.167908,8896100
2016-02-29,62.459999,62.680000,61.580002,61.590000,58.213272,7720600
2016-03-01,61.970001,63.099998,61.750000,62.919998,59.470360,7438300
2016-03-02,62.520000,62.889999,61.500000,62.220001,58.808739,8465800
2016-03-03,62.049999,62.200001,60.919998,61.470001,58.249649,7924400
2016-03-04,61.419998,61.540001,60.380001,61.259998,58.050648,7279400
2016-03-07,61.070000,61.139999,58.790001,59.250000,56.145950,12829600
2016-03-08,59.029999,60.599998,58.709999,59.810001,56.676613,9307900
2016-03-09,59.580002,59.619999,57.950001,58.330002,55.274147,12766900
2016-03-10,58.700001,59.040001,57.970001,58.880001,55.795338,9402600
2016-03-11,59.130001,60.439999,59.130001,60.080002,56.932465,8834400
2016-03-14,60.189999,61.330002,60.099998,60.810001,57.624229,7090500
2016-03-15,60.500000,61.750000,60.360001,61.400002,58.183319,6188800
2016-03-16,61.470001,62.230000,61.290001,61.860001,58.619221,7018300
2016-03-17,61.759998,63.380001,61.740002,63.180000,59.870068,9926800
2016-03-18,63.549999,63.980000,62.849998,62.990002,59.690014,13192900
2016-03-21,63.549999,65.290001,63.400002,64.720001,61.329388,13635400
2016-03-22,64.830002,65.440002,64.169998,64.900002,61.499962,18212900
2016-03-23,61.330002,63.450001,61.150002,62.439999,59.168831,26987000
2016-03-24,62.060001,62.139999,61.119999,61.650002,58.420227,12231300
2016-03-28,61.580002,61.980000,61.250000,61.340000,58.126457,7899000
2016-03-29,61.259998,61.900002,61.250000,61.490002,58.268597,7837800
2016-03-30,61.770000,62.410000,61.770000,62.040001,58.789787,7859300
2016-03-31,61.990002,62.639999,61.310001,61.470001,58.249649,8257800
2016-04-01,61.220001,61.820000,61.150002,61.590000,58.363358,7555300
2016-04-04,61.730000,61.849998,59.419998,59.970001,56.828239,16523400
2016-04-05,59.619999,60.169998,59.439999,59.669998,56.543941,7554000
2016-04-06,59.599998,60.680000,59.189999,60.310001,57.150417,10201500
2016-04-07,59.790001,60.580002,59.709999,60.299999,57.140942,7092900
2016-04-08,60.490002,60.560001,59.320000,59.419998,56.307041,8761700
2016-04-11,59.730000,59.779999,57.820000,57.919998,54.885624,12593400
2016-04-12,58.000000,58.619999,56.889999,58.549999,55.482620,12471100
2016-04-13,59.020000,59.950001,58.830002,59.580002,56.458664,10629100
2016-04-14,59.709999,60.340000,59.439999,59.490002,56.373379,7785200
2016-04-15,59.020000,59.590000,58.389999,59.500000,56.382851,7653600
2016-04-18,59.380001,60.000000,59.380001,59.570000,56.449181,6075900
2016-04-19,59.959999,59.990002,59.330002,59.560001,56.439720,6594400
2016-04-20,59.430000,60.240002,59.430000,59.619999,56.496571,7177500
2016-04-21,60.529999,60.529999,59.709999,60.080002,56.932465,7156700
2016-04-22,60.180000,60.220001,58.970001,59.430000,56.316517,8294300
2016-04-25,59.340000,59.419998,58.759998,59.209999,56.108047,6117700
2016-04-26,59.310001,59.970001,59.270000,59.540001,56.420753,5582200
2016-04-27,59.630001,59.730000,58.630001,59.270000,56.164894,8094600
2016-04-28,58.950001,59.889999,58.419998,58.540001,55.473156,6028600
2016-04-29,58.410000,59.090000,58.099998,58.939999,55.852184,8178700
2016-05-02,59.090000,59.750000,58.990002,59.590000,56.468136,8647800
2016-05-03,59.240002,59.849998,59.029999,59.520000,56.401802,8061300
2016-05-04,59.230000,59.959999,58.820000,59.110001,56.013275,8062800
2016-05-05,58.939999,58.980000,58.000000,58.189999,55.141483,7846000
2016-05-06,58.160000,58.439999,57.380001,58.430000,55.368912,7308000
2016-05-09,58.590000,59.189999,58.450001,58.720001,55.643719,5604900
2016-05-10,58.610001,59.990002,58.610001,59.200001,56.098568,7600200
2016-05-11,58.500000,58.680000,56.849998,57.009998,54.023293,12823000
2016-05-12,57.520000,58.340000,57.310001,57.990002,54.951962,8083700
2016-05-13,57.740002,58.119999,57.279999,57.310001,54.307587,7392600
2016-05-16,57.270000,57.529999,56.630001,57.139999,54.146500,8045900
2016-05-17,57.150002,57.380001,56.650002,57.099998,54.108589,7620700
2016-05-18,56.759998,56.869999,55.669998,56.119999,53.179920,11532800
2016-05-19,55.820000,57.299999,55.669998,57.040001,54.051731,9376500
2016-05-20,55.880001,57.060001,55.410000,56.480000,53.521065,13745300
2016-05-23,56.599998,56.970001,55.950001,55.990002,53.056740,7780700
2016-05-24,56.049999,56.770000,55.860001,56.590000,53.625301,11098700
2016-05-25,56.470001,56.689999,55.770000,55.990002,53.056740,9921500
2016-05-26,56.049999,56.360001,55.599998,55.840000,52.914604,9063100
2016-05-27,56.169998,56.529999,55.980000,56.189999,53.246258,8525900
2016-05-31,56.410000,56.470001,55.169998,55.220001,52.327084,14233600
2016-06-01,53.330002,55.040001,52.919998,54.930000,52.052273,28409300
2016-06-02,54.220001,54.669998,54.220001,54.529999,51.824177,13901700
2016-06-03,54.290001,54.570000,53.400002,53.450001,50.797779,17265800
2016-06-06,53.770000,54.540001,53.689999,54.299999,51.605591,13808300
2016-06-07,54.160000,54.349998,53.549999,53.549999,50.892807,13334000
2016-06-08,53.830002,54.340000,53.660000,54.119999,51.434521,12068500
2016-06-09,54.110001,55.049999,53.880001,54.939999,52.213837,11609800
2016-06-10,54.639999,55.360001,54.549999,55.110001,52.375397,12183600
2016-06-13,55.000000,55.639999,54.880001,54.910000,52.185326,8582200
2016-06-14,54.580002,54.939999,54.080002,54.119999,51.434521,9585600
2016-06-15,54.240002,55.060001,54.240002,54.310001,51.615097,7498400
2016-06-16,53.540001,53.639999,52.939999,53.470001,50.816776,14456500
2016-06-17,53.450001,53.869999,53.160000,53.709999,51.044872,11007100
2016-06-20,54.230000,55.150002,54.230000,54.360001,51.662617,8429400
2016-06-21,54.459999,55.090000,54.439999,54.770000,52.052265,8278200
2016-06-22,55.000000,55.139999,54.529999,54.570000,51.862198,7019600
2016-06-23,55.110001,55.180000,53.950001,54.119999,51.434521,11219800
2016-06-24,52.360001,53.360001,52.180000,52.590000,49.980446,18481200
2016-06-27,52.000000,52.520000,51.480000,51.889999,49.315182,15265700
2016-06-28,52.040001,53.200001,51.570000,53.090000,50.455635,20837800
2016-06-29,54.500000,55.139999,52.889999,55.130001,52.394402,36084800
2016-06-30,55.290001,55.430000,54.599998,55.200001,52.460938,17350500
2016-07-01,55.070000,55.810001,54.910000,55.610001,52.850578,9285100
2016-07-05,55.340000,55.910000,55.009998,55.200001,52.460938,10256100
2016-07-06,54.880001,55.810001,54.820000,55.799999,53.031158,7863400
2016-07-07,55.799999,55.980000,55.560001,55.919998,53.145210,6948000
2016-07-08,56.099998,56.820000,56.090000,56.720001,53.905518,8645900
2016-07-11,56.830002,57.230000,56.709999,56.830002,54.010052,8122500
2016-07-12,57.090000,58.200001,57.070000,58.060001,55.179020,11164400
2016-07-13,58.180000,58.439999,57.730000,57.990002,55.112492,9126500
2016-07-14,58.299999,58.599998,58.150002,58.490002,55.587685,7488400
2016-07-15,58.590000,58.869999,57.869999,57.869999,54.998444,9225200
2016-07-18,58.000000,58.160000,57.740002,57.740002,54.874901,6478900
2016-07-19,57.459999,57.770000,57.150002,57.759998,54.893906,7442700
2016-07-20,57.990002,58.099998,57.740002,57.759998,54.893906,5872400
2016-07-21,57.990002,58.029999,56.570000,56.990002,54.162121,8262000
2016-07-22,56.820000,56.959999,56.430000,56.730000,53.915012,8614700
2016-07-25,56.869999,57.150002,56.459999,57.139999,54.304676,7256300
2016-07-26,57.200001,57.869999,56.250000,56.369999,53.572872,8546700
2016-07-27,56.500000,57.000000,55.470001,55.790001,53.021660,10295400
2016-07-28,55.590000,55.810001,54.980000,55.450001,52.698528,9574100
2016-07-29,55.270000,55.660000,55.209999,55.500000,52.746052,6353400
2016-08-01,55.730000,55.869999,55.299999,55.410000,52.660511,6268400
2016-08-02,55.230000,55.279999,54.779999,54.919998,52.194828,7145600
2016-08-03,54.549999,55.189999,54.279999,54.750000,52.033260,9687300
2016-08-04,54.959999,55.570000,54.650002,54.790001,52.071278,8678100
2016-08-05,55.320000,56.060001,55.169998,55.849998,53.078678,7512500
2016-08-08,56.130001,56.389999,55.680000,55.980000,53.202240,6307000
2016-08-09,56.080002,56.240002,55.689999,55.770000,53.002647,8044400
2016-08-10,55.950001,56.180000,55.070000,55.130001,52.394402,6881400
2016-08-11,55.630001,56.889999,55.480000,56.730000,53.915012,9539500
2016-08-12,56.700001,56.759998,56.130001,56.450001,53.648903,5393400
2016-08-15,56.650002,57.060001,56.619999,56.770000,53.953026,4836300
2016-08-16,56.799999,57.040001,56.419998,56.880001,54.057579,4901800
2016-08-17,56.869999,56.970001,56.540001,56.860001,54.038563,7340500
2016-08-18,56.990002,57.459999,56.900002,57.209999,54.371189,6043600
2016-08-19,57.400002,59.139999,57.250000,58.900002,55.977337,15987100
2016-08-22,58.820000,59.459999,58.650002,58.660000,55.749249,8266000
2016-08-23,58.799999,59.799999,58.799999,59.619999,56.661617,8222800
2016-08-24,59.889999,60.330002,59.720001,60.220001,57.231842,11379000
2016-08-25,60.009998,60.150002,59.029999,59.240002,56.300472,8713900
2016-08-26,58.570000,59.200001,58.299999,59.000000,56.072369,9994300
2016-08-29,59.200001,59.250000,58.529999,58.630001,55.720737,5831000
2016-08-30,58.459999,58.759998,57.849998,58.000000,55.121994,6344600
2016-08-31,57.860001,58.279999,57.189999,57.639999,54.779861,7723600
2016-09-01,57.669998,58.549999,57.529999,58.540001,55.790073,8225000
2016-09-02,58.630001,59.180000,57.990002,58.020000,55.294495,6933100
2016-09-06,58.250000,58.380001,57.209999,57.410000,54.713146,9771800
2016-09-07,57.480000,57.779999,57.009998,57.720001,55.008587,7536100
2016-09-08,56.880001,57.270000,56.110001,56.169998,53.531395,12741900
2016-09-09,55.880001,56.000000,55.270000,55.330002,52.730858,11310400
2016-09-12,55.000000,56.119999,54.950001,56.009998,53.378914,7470900
2016-09-13,55.860001,55.939999,55.119999,55.369999,52.768982,7359400
2016-09-14,55.160000,55.560001,54.930000,55.130001,52.540257,7621200
2016-09-15,55.000000,55.540001,54.810001,55.470001,52.864277,6283900
2016-09-16,55.240002,55.360001,55.049999,55.180000,52.587898,11715400
2016-09-19,55.380001,55.470001,54.930000,54.950001,52.368710,7671300
2016-09-20,55.259998,55.439999,54.759998,54.869999,52.292461,8563000
2016-09-21,55.020000,55.380001,54.610001,55.340000,52.740391,8041700
2016-09-22,55.470001,55.980000,55.240002,55.410000,52.807098,8052400
2016-09-23,55.020000,55.709999,54.910000,55.150002,52.559319,8921700
2016-09-26,54.799999,55.000000,54.080002,54.400002,51.844551,11629600
2016-09-27,54.250000,55.540001,53.900002,55.340000,52.740391,17945200
2016-09-28,54.599998,55.000000,52.799999,53.250000,50.748569,33213000
2016-09-29,52.919998,53.580002,52.119999,52.160000,49.709770,16993900
2016-09-30,52.570000,53.060001,52.279999,52.650002,50.176746,12940200
2016-10-03,52.540001,53.000000,52.419998,52.669998,50.195801,7632500
2016-10-04,52.900002,53.060001,52.080002,52.139999,49.690701,10737400
2016-10-05,52.150002,52.639999,52.099998,52.119999,49.671650,7244100
2016-10-06,52.200001,52.330002,51.970001,52.029999,49.585873,9391700
2016-10-07,52.419998,52.459999,51.680000,51.790001,49.357147,8407100
2016-10-10,52.130001,52.250000,51.770000,51.790001,49.357147,5469300
2016-10-11,51.950001,52.250000,51.520000,51.820000,49.385731,9203500
2016-10-12,52.009998,52.709999,51.799999,52.439999,49.976608,9301300
2016-10-13,52.119999,52.320000,51.500000,52.029999,49.585873,8425800
2016-10-14,52.380001,52.500000,51.619999,51.619999,49.195137,7133800
2016-10-17,51.650002,51.750000,50.959999,51.029999,48.632851,7904000
2016-10-18,51.299999,51.660000,51.189999,51.220001,48.813931,6805200
2016-10-19,51.340000,51.840000,51.139999,51.799999,49.366676,6999000
2016-10-20,51.770000,52.360001,51.689999,51.889999,49.452450,6590500
2016-10-21,51.740002,51.869999,51.250000,51.770000,49.338081,9161000
2016-10-24,52.160000,52.290001,51.830002,51.869999,49.433388,7578200
2016-10-25,50.970001,51.439999,50.709999,51.049999,48.651909,14975300
2016-10-26,50.950001,52.270000,50.900002,51.970001,49.528694,12401100
2016-10-27,52.340000,52.340000,51.689999,51.889999,49.452450,7939200
2016-10-28,52.119999,52.500000,51.790001,52.020000,49.576344,9096700
2016-10-31,50.880001,51.150002,50.000000,50.180000,47.822777,17931300
2016-11-01,50.500000,50.509998,49.139999,49.619999,47.289085,14100400
2016-11-02,49.240002,50.270000,49.009998,49.720001,47.384392,10775900
2016-11-03,49.980000,50.000000,49.310001,49.730000,47.393913,7678700
2016-11-04,49.799999,50.450001,49.759998,49.959999,47.613117,9925200
2016-11-07,50.480000,50.930000,50.279999,50.910000,48.518490,8358700
2016-11-08,51.099998,51.490002,50.950001,51.080002,48.680508,8111400
2016-11-09,50.070000,51.270000,49.799999,51.119999,48.718624,9058600
2016-11-10,51.290001,51.369999,50.330002,50.389999,48.022915,12316100
2016-11-11,50.220001,50.849998,50.180000,50.770000,48.385067,6300600
2016-11-14,51.180000,51.189999,50.209999,50.209999,47.851368,8063900
2016-11-15,50.459999,50.639999,49.750000,50.130001,47.775124,9299800
2016-11-16,50.000000,50.799999,49.950001,50.680000,48.299297,6760300
2016-11-17,50.939999,51.669998,50.720001,51.590000,49.166550,7671600
2016-11-18,51.389999,51.889999,50.959999,51.099998,48.699570,7461600
2016-11-21,51.000000,51.419998,50.950001,51.279999,48.871109,5357200
2016-11-22,51.470001,51.750000,51.049999,51.709999,49.280899,5228100
2016-11-23,51.709999,51.849998,51.200001,51.340000,48.928288,4141600
2016-11-25,51.680000,51.740002,51.349998,51.520000,49.099834,2736800
2016-11-28,51.439999,51.439999,50.610001,51.009998,48.613792,8602100
2016-11-29,51.200001,51.369999,50.570000,50.630001,48.251644,6065700
2016-11-30,50.520000,50.810001,50.070000,50.070000,47.717949,8198400
2016-12-01,50.110001,51.250000,50.060001,50.650002,48.444851,7610100
2016-12-02,50.259998,50.680000,50.110001,50.459999,48.263126,6933300
2016-12-05,50.799999,52.270000,50.700001,51.849998,49.592617,12031200
2016-12-06,50.830002,51.099998,50.259998,50.570000,48.368347,12496300
2016-12-07,50.790001,52.250000,50.599998,52.099998,49.831726,10412600
2016-12-08,52.150002,52.470001,51.450001,51.549999,49.305676,9260900
2016-12-09,51.759998,51.970001,51.500000,51.720001,49.468281,5869800
2016-12-12,51.500000,51.900002,50.939999,51.540001,49.296116,11459500
2016-12-13,51.830002,53.220001,51.830002,52.299999,50.023018,11442300
2016-12-14,52.240002,52.340000,51.590000,51.790001,49.535233,8012800
2016-12-15,52.000000,52.040001,51.090000,51.290001,49.056992,9567500
2016-12-16,51.599998,51.639999,50.669998,50.919998,48.703110,13984900
2016-12-19,50.910000,51.360001,50.480000,50.849998,48.636154,9451700
2016-12-20,51.060001,51.990002,50.750000,51.790001,49.535233,15984100
2016-12-21,52.900002,53.349998,51.549999,52.299999,50.023018,23236400
2016-12-22,52.799999,53.000000,52.029999,52.139999,49.869984,11798900
2016-12-23,51.990002,52.349998,51.669998,51.910000,49.650013,9360800
2016-12-27,51.799999,52.250000,51.200001,51.290001,49.056992,8175000
2016-12-28,51.310001,51.500000,50.869999,51.020000,48.798756,6318000
2016-12-29,51.000000,51.240002,50.880001,51.060001,48.837013,4680800
2016-12-30,51.099998,51.330002,50.700001,50.830002,48.617027,7384300
2017-01-03,51.990002,52.500000,51.770000,51.980000,49.716949,13295600
2017-01-04,52.230000,53.349998,52.090000,53.070000,50.759506,13759500
2017-01-05,52.919998,53.099998,52.439999,53.060001,50.749939,8682200
2017-01-06,53.090000,54.090000,52.980000,53.910000,51.562931,12532400
2017-01-09,53.959999,53.990002,53.220001,53.380001,51.056004,8835300
2017-01-10,53.549999,53.730000,53.110001,53.110001,50.797768,8041900
2017-01-11,53.119999,53.290001,52.669998,52.689999,50.396038,8208300
2017-01-12,52.509998,52.689999,52.160000,52.400002,50.118668,7368700
2017-01-13,52.590000,52.930000,52.230000,52.919998,50.616032,6694400
2017-01-17,53.400002,53.950001,53.009998,53.650002,51.314251,9888500
2017-01-18,53.860001,53.889999,52.860001,53.270000,50.950787,6743100
2017-01-19,53.840000,53.939999,52.889999,52.930000,50.625599,8320600
2017-01-20,53.220001,53.349998,52.900002,53.200001,50.883850,7861000
2017-01-23,53.020000,53.259998,52.720001,53.240002,50.922100,7025700
2017-01-24,53.020000,53.570000,52.990002,53.450001,51.122952,6321300
2017-01-25,53.730000,54.119999,53.689999,53.860001,51.515110,6675000
2017-01-26,54.110001,54.119999,53.360001,53.650002,51.314251,6202000
2017-01-27,53.680000,54.080002,53.029999,53.189999,50.874275,7362000
2017-01-30,52.779999,53.220001,52.410000,53.080002,50.769077,9770800
2017-01-31,51.680000,52.900002,51.630001,52.900002,50.596901,12342900
2017-02-01,52.980000,53.259998,52.610001,53.020000,50.711685,8810900
2017-02-02,53.000000,53.009998,52.480000,52.799999,50.501255,7874200
2017-02-03,52.619999,52.810001,52.250000,52.360001,50.080414,8850400
2017-02-06,52.090000,52.799999,52.049999,52.799999,50.501255,7355200
2017-02-07,53.070000,53.279999,52.669998,52.810001,50.510818,6446900
2017-02-08,52.740002,53.939999,52.700001,53.880001,51.534233,9281100
2017-02-09,53.880001,55.700001,53.880001,55.310001,52.901981,14345400
2017-02-10,55.630001,56.470001,55.630001,56.220001,53.772366,14973400
2017-02-13,56.169998,56.340000,55.750000,56.090000,53.648026,7679800
2017-02-14,55.919998,56.689999,55.830002,56.450001,53.992344,8891400
2017-02-15,56.290001,56.759998,56.209999,56.639999,54.174076,6652000
2017-02-16,56.880001,56.919998,56.099998,56.290001,53.839310,8374200
2017-02-17,56.119999,56.799999,55.860001,56.750000,54.279282,12638000
2017-02-21,56.380001,57.450001,56.200001,57.360001,54.862728,10955000
2017-02-22,57.480000,58.380001,57.360001,58.240002,55.704418,10914100
2017-02-23,58.110001,58.400002,57.270000,57.389999,54.891426,12316300
2017-02-24,57.389999,58.419998,57.070000,57.860001,55.340961,9684500
2017-02-27,57.650002,57.830002,57.349998,57.689999,55.178360,4375700
2017-02-28,57.369999,57.549999,56.860001,57.160000,54.671436,7951300
2017-03-01,57.860001,58.029999,57.330002,57.950001,55.427040,8558900
2017-03-02,57.900002,58.250000,57.650002,57.799999,55.455830,6438400
2017-03-03,57.799999,57.799999,56.509998,56.700001,54.400429,9181600
2017-03-06,56.700001,56.930000,56.529999,56.770000,54.467606,6896800
2017-03-07,56.709999,56.990002,56.020000,56.549999,54.256523,7124400
2017-03-08,56.939999,56.939999,56.310001,56.509998,54.218143,7604800
2017-03-09,56.610001,56.660000,56.090000,56.360001,54.074230,6165700
2017-03-10,56.490002,56.990002,56.259998,56.430000,54.141388,8882400
2017-03-13,56.430000,56.820000,56.110001,56.669998,54.371658,7235900
2017-03-14,56.869999,58.009998,56.720001,57.279999,54.956909,9286900
2017-03-15,57.630001,57.990002,56.750000,57.660000,55.321503,10067500
2017-03-16,57.430000,57.720001,56.830002,57.599998,55.263935,9895000
2017-03-17,57.770000,57.889999,57.310001,57.799999,55.455830,10791500
2017-03-20,58.000000,58.810001,57.959999,58.680000,56.300133,13352500
2017-03-21,58.779999,59.000000,57.720001,58.009998,55.657303,15269800
2017-03-22,54.759998,55.000000,53.759998,53.919998,51.733189,37413400
2017-03-23,54.610001,55.549999,54.520000,55.369999,53.124378,23848300
2017-03-24,55.290001,56.639999,55.119999,56.360001,54.074230,14438600
2017-03-27,55.639999,56.250000,55.540001,55.930000,53.661671,8663600
2017-03-28,55.990002,56.779999,55.790001,56.619999,54.323685,7823900
2017-03-29,56.410000,57.099998,56.349998,56.680000,54.381241,7456200
2017-03-30,56.480000,56.599998,55.810001,56.040001,53.767204,7210500
2017-03-31,56.000000,56.029999,55.650002,55.730000,53.469780,5905600
2017-04-03,55.740002,55.799999,55.150002,55.560001,53.306679,7088800
2017-04-04,55.150002,55.299999,54.830002,55.040001,52.807762,8843300
2017-04-05,54.970001,55.799999,54.500000,54.980000,52.750202,7722100
2017-04-06,55.070000,55.939999,54.939999,55.139999,52.903702,6692200
2017-04-07,55.099998,55.240002,54.770000,55.110001,52.874924,6078300
2017-04-10,55.000000,55.330002,54.720001,54.900002,52.673443,5472700
2017-04-11,54.950001,55.070000,54.549999,54.919998,52.692631,4348600
2017-04-12,54.660000,55.619999,54.500000,55.570000,53.316269,8504100
2017-04-13,55.410000,55.599998,55.259998,55.340000,53.095596,5282100
2017-04-17,55.320000,56.340000,55.250000,56.240002,53.959095,7688700
2017-04-18,56.020000,56.419998,55.799999,56.110001,53.834366,5651100
2017-04-19,56.160000,56.220001,55.740002,55.860001,53.594498,5947700
2017-04-20,55.959999,56.689999,55.880001,56.400002,54.112602,6867100
2017-04-21,56.290001,56.380001,55.680000,55.849998,53.584908,6055600
2017-04-24,56.139999,56.209999,55.470001,55.470001,53.220325,10777700
2017-04-25,55.529999,55.770000,55.410000,55.450001,53.201134,8971000
2017-04-26,55.459999,55.840000,55.119999,55.160000,52.922894,10936000
2017-04-27,55.180000,55.570000,54.910000,55.470001,53.220325,8558000
2017-04-28,55.430000,55.529999,55.139999,55.410000,53.162758,6437700
2017-05-01,55.430000,55.450001,54.980000,54.990002,52.759789,4881400
2017-05-02,55.119999,55.160000,54.790001,55.070000,52.836540,7363600
2017-05-03,55.169998,55.299999,54.400002,54.529999,52.318439,9474700
2017-05-04,54.680000,54.830002,54.200001,54.470001,52.260880,6830600
2017-05-05,54.410000,54.500000,53.560001,53.950001,51.761967,13379900
2017-05-08,54.180000,54.509998,53.830002,54.299999,52.097771,8728100
2017-05-09,54.330002,55.080002,54.160000,54.889999,52.663837,6441200
2017-05-10,54.910000,55.060001,54.509998,54.560001,52.347225,5823000
2017-05-11,54.520000,54.520000,53.400002,54.240002,52.040207,6499600
2017-05-12,54.099998,54.389999,53.790001,54.200001,52.001835,5606300
2017-05-15,54.119999,54.200001,53.680000,53.770000,51.589264,8201700
2017-05-16,52.369999,53.380001,52.119999,52.779999,50.639416,14562700
2017-05-17,52.779999,52.869999,51.799999,51.799999,49.699158,18341500
2017-05-18,51.970001,52.080002,51.299999,51.680000,49.584030,22576500
2017-05-19,51.000000,52.110001,50.810001,51.770000,49.670387,20047800
2017-05-22,51.770000,51.959999,51.400002,51.570000,49.478485,13671500
2017-05-23,51.980000,52.630001,51.880001,52.200001,50.082947,11087300
2017-05-24,52.250000,52.299999,51.740002,52.009998,49.900646,9383600
2017-05-25,52.380001,52.590000,52.209999,52.349998,50.226849,7627500
2017-05-26,52.349998,52.759998,52.230000,52.590000,50.457127,5921300
2017-05-30,52.759998,53.020000,52.639999,52.919998,50.773739,8039600
2017-05-31,53.020000,53.279999,52.709999,52.990002,50.840900,8938800
2017-06-01,53.060001,53.299999,52.209999,52.299999,50.349915,13352100
2017-06-02,52.700001,53.009998,52.360001,52.980000,51.004559,18511200
2017-06-05,53.000000,53.230000,52.700001,53.009998,51.033443,5748900
2017-06-06,52.900002,53.099998,52.430000,52.480000,50.523193,8923000
2017-06-07,52.790001,53.360001,52.750000,53.230000,51.245235,7438300
2017-06-08,53.230000,54.139999,53.150002,53.200001,51.216370,7785600
2017-06-09,53.200001,53.470001,52.799999,53.459999,51.466663,8347400
2017-06-12,53.509998,54.250000,53.500000,54.029999,52.015411,9180000
2017-06-13,54.029999,54.660000,53.840000,54.310001,52.284977,8720100
2017-06-14,54.480000,54.669998,53.950001,54.660000,52.621929,6783900
2017-06-15,54.000000,54.049999,52.730000,52.900002,50.927547,16041100
2017-06-16,51.750000,51.840000,50.790001,51.099998,49.194656,25725500
2017-06-19,51.419998,52.220001,51.400002,52.020000,50.080360,11265300
2017-06-20,52.049999,52.130001,51.099998,51.560001,49.637512,10676500
2017-06-21,51.900002,52.689999,51.900002,52.590000,50.629108,13021700
2017-06-22,52.599998,52.619999,52.090000,52.400002,50.446194,10660700
2017-06-23,52.150002,52.919998,51.669998,52.849998,50.879417,8522400
2017-06-26,52.950001,53.570000,52.669998,53.279999,51.293381,7966200
2017-06-27,53.189999,53.259998,52.639999,52.950001,50.975681,7873100
2017-06-28,53.169998,53.610001,52.959999,53.360001,51.370403,7527200
2017-06-29,53.330002,53.630001,52.990002,53.169998,51.187481,14801900
2017-06-30,56.599998,59.709999,56.500000,59.000000,56.800098,46553000
2017-07-03,58.369999,59.009998,58.330002,58.650002,56.463146,9910000
2017-07-05,58.240002,58.290001,57.509998,57.560001,55.413792,16167000
2017-07-06,57.450001,57.720001,57.000000,57.160000,55.028709,9035700
2017-07-07,57.400002,58.080002,57.029999,57.980000,55.818134,8145400
2017-07-10,57.889999,58.810001,57.680000,58.730000,56.540165,8942400
2017-07-11,58.540001,58.930000,58.040001,58.180000,56.010674,7223000
2017-07-12,58.310001,58.750000,58.099998,58.220001,56.049194,7243100
2017-07-13,58.220001,58.580002,57.930000,57.939999,55.779625,8108600
2017-07-14,57.950001,58.209999,57.639999,58.000000,55.837376,6345300
2017-07-17,58.000000,58.349998,57.759998,57.790001,55.635227,6885000
2017-07-18,57.740002,58.080002,57.470001,57.650002,55.500443,4922500
2017-07-19,57.599998,57.880001,57.389999,57.770000,55.615959,4451100
2017-07-20,59.119999,59.590000,58.799999,59.099998,56.896374,11915500
2017-07-21,59.000000,60.000000,58.910000,59.950001,57.714676,11048300
2017-07-24,59.689999,59.770000,58.759998,58.950001,56.751968,7498900
2017-07-25,59.320000,59.520000,58.919998,59.389999,57.175556,5157100
2017-07-26,59.090000,59.130001,58.320000,58.360001,56.183960,5529500
2017-07-27,58.599998,58.680000,57.990002,58.150002,55.981796,8259900
2017-07-28,58.150002,58.740002,57.970001,58.669998,56.482399,5112800
2017-07-31,58.709999,59.119999,58.330002,59.049999,56.848232,6225900
2017-08-01,59.000000,59.939999,58.900002,59.840000,57.608780,9051700
2017-08-02,59.549999,59.950001,59.270000,59.790001,57.560642,4468100
2017-08-03,59.799999,60.529999,59.639999,60.139999,57.897594,5677200
2017-08-04,60.169998,60.340000,59.630001,59.759998,57.531757,4106000
2017-08-07,59.820000,60.099998,59.709999,59.790001,57.560642,4066700
2017-08-08,59.880001,60.119999,59.360001,59.459999,57.242950,5586400
2017-08-09,59.419998,59.970001,59.259998,59.900002,57.666542,5310900
2017-08-10,59.680000,59.689999,59.060001,59.070000,56.867489,5585100
2017-08-11,58.730000,59.270000,58.590000,58.970001,56.771221,4980000
2017-08-14,59.150002,60.000000,59.130001,59.779999,57.551018,5900000
2017-08-15,58.939999,59.009998,58.290001,58.560001,56.376511,8913000
2017-08-16,58.900002,59.049999,58.220001,58.540001,56.357254,5489600
2017-08-17,58.529999,58.740002,57.419998,57.459999,55.317516,9148600
2017-08-18,54.849998,55.419998,54.169998,54.950001,52.901112,22905200
2017-08-21,54.439999,54.439999,53.110001,53.610001,51.611073,14289300
2017-08-22,53.919998,54.410000,53.790001,54.130001,52.111687,8212800
2017-08-23,53.919998,54.080002,53.450001,53.610001,51.611073,6409400
2017-08-24,53.930000,53.970001,53.459999,53.840000,51.832504,5461900
2017-08-25,54.029999,54.200001,53.540001,53.900002,51.890259,6416600
2017-08-28,54.070000,54.430000,53.619999,53.730000,51.726597,5269400
2017-08-29,52.740002,52.880001,52.070000,52.730000,50.763885,12539900
2017-08-30,52.799999,52.959999,52.250000,52.560001,50.600220,7434500
2017-08-31,52.599998,52.980000,52.470001,52.810001,51.015610,7728900
2017-09-01,53.000000,53.450001,52.900002,53.360001,51.546928,5509800
2017-09-05,53.250000,53.470001,52.880001,53.009998,51.208813,6306500
2017-09-06,53.119999,53.340000,52.709999,52.759998,50.967308,7407600
2017-09-07,52.759998,52.849998,52.340000,52.389999,50.609882,6905800
2017-09-08,52.250000,52.509998,52.110001,52.200001,50.426342,8563300
2017-09-11,52.380001,53.130001,52.320000,53.029999,51.228134,8649900
2017-09-12,53.770000,54.090000,53.299999,53.400002,51.585567,7823700
2017-09-13,53.450001,53.639999,53.040001,53.520000,51.701488,6086000
2017-09-14,53.540001,53.889999,53.119999,53.730000,51.904354,7497400
2017-09-15,53.860001,54.060001,53.520000,53.869999,52.039593,10046800
2017-09-18,53.869999,54.160000,53.400002,53.500000,51.682175,8166400
2017-09-19,52.779999,54.049999,52.509998,53.330002,51.517944,14707200
2017-09-20,53.490002,53.639999,53.040001,53.560001,51.740124,7058000
2017-09-21,53.549999,53.639999,53.090000,53.189999,51.382694,8065400
2017-09-22,53.020000,53.610001,52.799999,53.240002,51.431004,10962400
2017-09-25,53.080002,53.560001,53.000000,53.230000,51.421341,12262400
2017-09-26,53.180000,53.970001,52.980000,53.700001,51.875370,16183700
2017-09-27,52.169998,52.689999,51.029999,52.669998,50.880363,36202500
2017-09-28,52.799999,53.029999,52.330002,52.630001,50.841728,11334700
2017-09-29,52.590000,52.820000,51.759998,51.849998,50.088230,12189900
2017-10-02,52.160000,52.209999,51.660000,51.869999,50.107555,7516200
2017-10-03,52.000000,52.049999,51.400002,51.470001,49.721142,8126700
2017-10-04,51.509998,52.130001,51.400002,52.080002,50.310417,8204300
2017-10-05,52.009998,52.320000,51.779999,52.180000,50.407021,5287400
2017-10-06,52.200001,52.459999,52.119999,52.419998,50.638859,5360300
2017-10-09,52.230000,52.299999,51.500000,51.520000,49.769447,6875100
2017-10-10,51.580002,51.820000,51.369999,51.529999,49.779102,8372700
2017-10-11,51.389999,51.520000,50.830002,51.029999,49.296097,9109600
2017-10-12,50.980000,51.119999,50.349998,50.830002,49.102894,10658400
2017-10-13,50.830002,51.070000,50.400002,50.980000,49.247795,16227900
2017-10-16,50.799999,51.410000,50.639999,51.369999,49.624538,9299300
2017-10-17,51.500000,52.040001,51.380001,52.000000,50.233139,9492700
2017-10-18,52.180000,52.400002,52.099998,52.299999,50.522942,10890300
2017-10-19,51.660000,52.799999,51.480000,52.689999,50.899689,12568200
2017-10-20,52.790001,53.500000,52.790001,53.060001,51.257114,13020900
2017-10-23,53.060001,53.950001,53.000000,53.660000,51.836735,12242600
2017-10-24,53.900002,54.000000,53.099998,53.419998,51.604889,14767600
2017-10-25,53.430000,55.910000,52.669998,54.939999,53.073238,24804000
2017-10-26,55.259998,57.250000,55.139999,56.810001,54.879700,22185100
2017-10-27,55.820000,56.360001,55.650002,55.959999,54.058575,12801800
2017-10-30,55.709999,55.930000,54.840000,55.270000,53.392025,10169400
2017-10-31,54.750000,55.279999,54.520000,54.990002,53.121532,9794800
2017-11-01,55.419998,55.500000,54.849998,55.070000,53.198822,7544500
2017-11-02,55.150002,55.320000,54.590000,55.119999,53.247116,7250300
2017-11-03,55.150002,55.720001,55.040001,55.709999,53.817070,9448200
2017-11-06,55.290001,56.130001,55.139999,56.040001,54.135864,9332200
2017-11-07,55.750000,56.020000,55.020000,55.150002,53.276108,7774700
2017-11-08,55.000000,55.770000,54.889999,55.759998,53.865376,7079400
2017-11-09,55.500000,56.349998,55.310001,56.130001,54.222805,10958500
2017-11-10,55.880001,56.490002,55.619999,56.090000,54.184162,7535700
2017-11-13,55.660000,56.090000,55.660000,55.910000,54.010273,10106100
2017-11-14,55.709999,56.180000,55.529999,55.980000,54.077904,5037500
2017-11-15,55.959999,56.869999,55.080002,56.630001,54.705814,6610500
2017-11-16,56.619999,57.279999,56.410000,57.230000,55.285431,8233300
2017-11-17,58.540001,59.529999,58.369999,59.189999,57.178829,15475500
2017-11-20,58.630001,59.500000,57.980000,59.250000,57.236794,8480600
2017-11-21,59.029999,59.400002,58.930000,59.389999,57.372036,9057800
2017-11-22,59.180000,59.340000,58.939999,59.070000,57.062904,8501300
2017-11-24,59.000000,59.349998,58.910000,59.320000,57.304409,3400400
2017-11-27,59.200001,59.700001,59.169998,59.630001,57.603886,7891600
2017-11-28,58.759998,59.599998,58.540001,59.580002,57.555580,8665300
2017-11-29,59.730000,60.630001,59.730000,60.360001,58.309082,12022800
2017-11-30,60.259998,61.209999,60.200001,60.419998,58.367035,12551200
2017-12-01,60.419998,60.430000,59.240002,59.880001,58.037506,10113500
2017-12-04,60.270000,60.700001,59.970001,60.099998,58.250725,7513200
2017-12-05,60.650002,60.799999,59.650002,60.419998,58.560879,8862900
2017-12-06,60.410000,60.849998,59.700001,59.720001,57.882427,7862200
2017-12-07,59.860001,61.060001,59.650002,60.599998,58.735348,6113300
2017-12-08,60.500000,61.369999,60.290001,61.299999,59.413799,6065200
2017-12-11,61.369999,62.220001,61.299999,61.910000,60.005039,9017800
2017-12-12,61.810001,62.529999,61.650002,62.169998,60.257034,7358000
2017-12-13,62.220001,64.459999,62.020000,64.300003,62.321499,16072600
2017-12-14,64.430000,64.849998,64.050003,64.529999,62.544415,13055100
2017-12-15,64.889999,65.070000,64.150002,64.790001,62.796417,15659300
2017-12-18,64.930000,65.080002,64.389999,64.809998,62.815796,12652000
2017-12-19,65.150002,65.190002,64.180000,64.239998,62.263340,8212500
2017-12-20,64.389999,64.500000,63.580002,63.590000,61.633339,12468600
2017-12-21,64.290001,64.980003,63.299999,64.769997,62.777035,14352300
2017-12-22,61.200001,63.540001,60.130001,63.290001,61.342571,20414200
2017-12-26,62.900002,63.889999,62.810001,63.650002,61.691505,4563500
2017-12-27,63.560001,63.599998,62.770000,62.950001,61.013031,8959700
2017-12-28,63.000000,63.320000,62.849998,62.950001,61.013031,3987200
2017-12-29,63.209999,63.369999,62.549999,62.549999,60.625347,5222100
2018-01-02,62.849998,63.490002,62.849998,63.490002,61.536419,6511000
2018-01-03,63.480000,63.660000,62.759998,63.480000,61.526726,6091100
2018-01-04,63.400002,63.549999,62.549999,63.439999,61.487953,5780500
2018-01-05,63.700001,64.300003,63.470001,63.980000,62.011341,11632300
2018-01-08,64.150002,64.709999,63.980000,64.550003,62.563805,11905700
2018-01-09,64.230003,64.720001,63.470001,64.089996,62.117950,8771300
2018-01-10,63.880001,64.230003,63.439999,64.220001,62.243969,5010600
2018-01-11,64.029999,64.309998,63.779999,64.290001,62.311810,5103500
2018-01-12,64.500000,64.720001,64.320000,64.669998,62.680103,5135700
2018-01-16,64.779999,65.360001,63.369999,63.419998,61.468575,9117000
2018-01-17,63.669998,64.010002,63.080002,63.810001,61.846577,7422600
2018-01-18,64.000000,64.209999,63.540001,64.110001,62.137348,5656900
2018-01-19,65.309998,67.239998,65.120003,67.209999,65.141968,12896100
2018-01-22,66.550003,66.830002,65.760002,66.389999,64.347198,8491800
2018-01-23,66.529999,67.330002,66.440002,67.139999,65.074104,6412000
2018-01-24,67.339996,68.180000,67.070000,68.000000,65.907639,7421800
2018-01-25,68.129997,68.639999,67.449997,67.709999,65.626564,5707600
2018-01-26,68.199997,68.639999,67.919998,68.040001,65.946434,6290500
2018-01-29,67.820000,68.139999,67.419998,67.580002,65.500572,5067300
2018-01-30,67.500000,68.309998,67.160004,67.330002,65.258255,6350500
2018-01-31,67.500000,68.830002,67.470001,68.220001,66.120880,11036400
2018-02-01,67.669998,67.970001,66.699997,67.650002,65.568420,5790500
2018-02-02,67.220001,67.790001,67.000000,67.220001,65.151649,9348300
2018-02-05,66.629997,67.209999,64.389999,64.389999,62.408730,12549500
2018-02-06,62.480000,65.419998,62.090000,65.220001,63.213188,13356700
2018-02-07,65.150002,66.839996,65.099998,65.629997,63.610565,8845700
2018-02-08,65.529999,65.709999,62.459999,62.490002,60.567192,14121800
2018-02-09,63.759998,66.050003,62.840000,65.489998,63.474873,13733300
2018-02-12,65.940002,66.820000,65.680000,65.980003,63.949810,9792200
2018-02-13,65.849998,66.230003,65.430000,65.870003,63.843185,9538400
2018-02-14,65.720001,68.029999,65.550003,67.959999,65.868851,8662600
2018-02-15,68.389999,68.760002,67.250000,68.290001,66.188728,7390200
2018-02-16,67.900002,69.000000,67.739998,68.300003,66.198433,6842100
2018-02-20,67.639999,67.970001,67.050003,67.489998,65.413338,4859100
2018-02-21,67.660004,68.019997,67.029999,67.050003,64.986885,5107900
2018-02-22,67.250000,67.480003,66.739998,67.129997,65.064407,6515800
2018-02-23,67.389999,68.160004,66.849998,68.160004,66.062729,4428500
2018-02-26,68.389999,69.809998,68.339996,69.650002,67.506874,6499500
2018-02-27,70.000000,70.250000,68.029999,68.029999,65.936729,6843100
2018-02-28,68.099998,68.300003,67.010002,67.029999,64.967491,6091800
2018-03-01,67.239998,67.669998,65.669998,66.320000,64.279343,7323900
2018-03-02,64.910004,66.089996,64.209999,65.889999,64.055748,8380500
2018-03-05,65.480003,65.489998,64.339996,65.050003,63.239136,8838400
2018-03-06,65.209999,65.360001,64.629997,65.239998,63.423832,6550100
2018-03-07,64.510002,64.790001,63.889999,64.169998,62.383629,6457600
2018-03-08,64.559998,65.250000,64.480003,65.110001,63.297459,5573000
2018-03-09,65.510002,66.510002,65.360001,66.300003,64.454323,5838400
2018-03-12,66.650002,67.610001,66.320000,66.820000,64.959854,7522700
2018-03-13,67.300003,67.690002,66.129997,66.169998,64.327942,5167300
2018-03-14,66.650002,66.900002,65.669998,66.199997,64.357109,6463800
2018-03-15,66.489998,66.610001,66.129997,66.389999,64.541832,5260800
2018-03-16,66.309998,66.690002,65.910004,65.910004,64.075188,12860900
2018-03-19,65.699997,66.339996,65.190002,65.709999,63.880756,7255600
2018-03-20,65.940002,66.870003,65.930000,66.800003,64.940407,6906200
2018-03-21,66.730003,67.209999,66.309998,66.349998,64.502930,5805200
2018-03-22,65.599998,66.150002,64.230003,64.419998,62.626659,12313300
2018-03-23,66.699997,67.110001,64.459999,64.629997,62.830822,17343800
2018-03-26,65.080002,66.059998,64.989998,65.900002,64.065460,10796000
2018-03-27,65.889999,67.639999,65.430000,66.169998,64.327942,9452500
2018-03-28,66.589996,67.150002,65.269997,65.440002,63.618279,7208400
2018-03-29,65.699997,66.550003,65.610001,66.440002,64.590439,10748300
2018-04-02,65.970001,66.050003,63.209999,64.120003,62.335018,12383900
2018-04-03,64.470001,66.730003,64.360001,66.699997,64.843201,8766400
2018-04-04,65.970001,68.500000,65.930000,68.419998,66.515312,10275800
2018-04-05,68.500000,69.779999,68.389999,69.589996,67.652740,9093300
2018-04-06,68.510002,69.309998,66.930000,67.550003,65.669548,9719300
2018-04-09,68.389999,68.550003,67.150002,67.180000,65.309837,6504500
2018-04-10,67.809998,67.879997,66.489998,67.000000,65.134834,10098900
2018-04-11,66.580002,67.199997,66.519997,66.830002,64.969589,5185500
2018-04-12,67.070000,68.000000,67.070000,67.769997,65.883400,5145300
2018-04-13,68.120003,68.330002,66.980003,67.250000,65.377869,4300200
2018-04-16,67.809998,67.980003,67.059998,67.059998,65.193169,6484400
2018-04-17,67.370003,67.669998,67.279999,67.510002,65.630646,5605700
2018-04-18,67.529999,67.739998,66.160004,66.199997,64.357109,7384000
2018-04-19,66.029999,66.300003,64.989998,65.730003,63.900196,8274300
2018-04-20,65.750000,66.110001,65.449997,66.089996,64.250175,10402800
2018-04-23,66.000000,67.029999,65.949997,66.879997,65.018188,6338400
2018-04-24,67.309998,67.510002,66.720001,66.970001,65.105675,8176100
2018-04-25,66.839996,67.000000,66.250000,66.669998,64.814034,5188900
2018-04-26,66.779999,68.290001,66.639999,68.050003,66.155609,5355200
2018-04-27,68.470001,70.000000,68.449997,69.559998,67.623581,7814900
2018-04-30,69.580002,69.809998,68.389999,68.389999,66.486153,6484100
2018-05-01,67.980003,68.209999,67.029999,68.099998,66.204216,4957800
2018-05-02,68.040001,68.559998,67.480003,68.260002,66.359756,5752100
2018-05-03,67.800003,67.849998,66.639999,66.900002,65.037621,6155900
2018-05-04,66.839996,68.330002,66.800003,68.099998,66.204216,5132900
2018-05-07,68.059998,69.419998,68.059998,69.339996,67.409691,5041600
2018-05-08,69.199997,69.230003,68.199997,68.459999,66.554199,6534900
2018-05-09,68.419998,68.470001,67.010002,67.949997,66.058403,7956300
2018-05-10,68.139999,68.269997,67.330002,67.919998,66.029236,4965200
2018-05-11,68.029999,68.529999,67.910004,68.430000,66.525032,4145100
2018-05-14,68.599998,68.889999,68.110001,68.839996,66.923630,3453800
2018-05-15,68.309998,69.519997,68.230003,69.500000,67.565239,5045000
2018-05-16,69.669998,71.510002,69.620003,71.339996,69.354019,9693000
2018-05-17,71.400002,71.599998,70.820000,70.940002,68.965157,6064700
2018-05-18,70.760002,71.589996,70.470001,71.320000,69.334579,5688100
2018-05-21,71.480003,71.699997,70.709999,71.379997,69.392906,5480700
2018-05-22,71.459999,72.190002,71.260002,71.309998,69.324867,5675300
2018-05-23,70.949997,71.919998,70.830002,71.339996,69.354019,6806400
2018-05-24,71.430000,72.279999,71.320000,72.180000,70.170647,5613800
2018-05-25,73.099998,73.489998,71.629997,72.250000,70.238693,5889700
2018-05-29,71.519997,71.610001,70.430000,70.919998,68.945717,5857900
2018-05-30,71.459999,72.290001,70.940002,72.230003,70.219254,5799900
2018-05-31,72.000000,72.220001,71.239998,71.800003,69.801208,7856200
2018-06-01,72.120003,72.949997,72.120003,72.760002,70.932076,4085900
2018-06-04,73.000000,73.870003,72.790001,73.830002,71.975189,4581900
2018-06-05,73.610001,74.220001,73.139999,74.050003,72.189674,4928700
2018-06-06,74.379997,74.940002,74.190002,74.750000,72.872078,5318100
2018-06-07,74.949997,75.910004,74.650002,74.760002,72.881836,6846300
2018-06-08,74.779999,75.070000,74.300003,74.900002,73.018326,5524900
2018-06-11,75.059998,75.209999,74.540001,74.589996,72.716095,4902800
2018-06-12,74.419998,74.610001,74.070000,74.290001,72.423645,4356500
2018-06-13,74.269997,74.900002,73.989998,74.110001,72.248169,4696200
2018-06-14,74.599998,75.150002,74.349998,74.699997,72.823326,4636000
2018-06-15,74.709999,75.849998,74.500000,75.839996,73.934692,10977300
2018-06-18,75.279999,75.760002,74.910004,75.610001,73.710480,4515900
2018-06-19,74.500000,74.919998,73.650002,74.260002,72.394394,7562200
2018-06-20,74.199997,74.910004,73.970001,74.720001,72.842842,4424900
2018-06-21,73.699997,74.790001,73.550003,73.940002,72.082436,5537900
2018-06-22,73.570000,74.410004,73.209999,73.430000,71.585243,9404900
2018-06-25,73.320000,73.360001,72.029999,72.349998,70.532364,9064100
2018-06-26,72.500000,73.290001,72.349998,72.559998,70.737091,7072600
2018-06-27,72.730003,72.949997,71.150002,71.349998,69.557503,7624700
2018-06-28,71.449997,72.120003,71.349998,71.699997,69.898712,9118500
2018-06-29,78.760002,81.000000,78.360001,79.680000,77.678230,31314100
2018-07-02,78.580002,79.480003,77.019997,78.349998,76.381638,11867000
2018-07-03,77.410004,77.889999,76.099998,76.279999,74.363647,5794900
2018-07-05,76.620003,77.419998,76.139999,76.550003,74.626877,6534500
2018-07-06,76.480003,77.080002,76.070000,76.480003,74.558617,5916200
2018-07-09,76.839996,77.379997,76.349998,77.279999,75.338524,4871400
2018-07-10,77.440002,78.089996,77.160004,77.570000,75.621239,6281800
2018-07-11,77.129997,77.639999,76.830002,77.360001,75.416512,3656600
2018-07-12,77.940002,78.180000,77.230003,77.370003,75.426277,4879200
2018-07-13,77.199997,77.610001,77.139999,77.379997,75.436005,2963100
2018-07-16,77.360001,78.099998,77.300003,77.750000,75.796730,4755100
2018-07-17,77.510002,78.019997,77.400002,77.470001,75.523750,4355400
2018-07-18,77.430000,77.620003,76.320000,76.589996,74.665863,6101600
2018-07-19,75.930000,77.160004,75.800003,76.949997,75.016823,4875100
2018-07-20,76.309998,77.080002,76.160004,76.959999,75.026558,5246400
2018-07-23,76.709999,76.949997,76.129997,76.589996,74.665863,4198200
2018-07-24,76.849998,77.089996,75.440002,75.529999,73.632477,6054000
2018-07-25,75.239998,77.180000,75.059998,77.160004,75.221550,5542400
2018-07-26,77.000000,78.440002,76.820000,78.150002,76.186668,6706200
2018-07-27,78.169998,78.410004,76.790001,76.889999,74.958321,6125700
2018-07-30,76.879997,76.959999,75.430000,75.959999,74.051674,7275300
2018-07-31,76.440002,77.589996,76.160004,76.910004,74.977821,8265600
2018-08-01,76.500000,78.059998,76.500000,77.540001,75.592003,6878300
2018-08-02,77.769997,79.070000,77.400002,78.650002,76.674110,5313800
2018-08-03,78.730003,78.980003,78.440002,78.739998,76.761833,3762100
2018-08-06,78.739998,79.580002,78.430000,79.510002,77.512489,4280600
2018-08-07,79.730003,80.629997,79.269997,80.529999,78.506882,5418900
2018-08-08,80.209999,81.080002,80.040001,80.500000,78.477631,5327100
2018-08-09,80.489998,81.879997,80.410004,81.260002,79.218536,4558500
2018-08-10,80.820000,81.290001,80.290001,80.730003,78.701843,5036700
2018-08-13,80.820000,81.150002,80.010002,80.150002,78.136429,4101200
2018-08-14,80.330002,80.849998,79.680000,80.139999,78.126678,6079700
2018-08-15,79.570000,79.860001,79.120003,79.570000,77.570992,5057200
2018-08-16,79.900002,80.610001,79.800003,80.050003,78.038925,5475800
2018-08-17,80.040001,80.440002,79.680000,79.750000,77.746468,9001400
2018-08-20,81.519997,82.419998,80.949997,82.180000,80.115425,9345200
2018-08-21,82.309998,83.080002,82.019997,82.949997,80.866074,6337000
2018-08-22,83.099998,83.680000,82.279999,82.639999,80.563858,4308300
2018-08-23,82.430000,83.570000,82.339996,82.910004,80.827087,4156900
2018-08-24,82.419998,82.879997,82.099998,82.449997,80.378639,3453000
2018-08-27,83.040001,83.449997,82.230003,82.650002,80.573616,4012400
2018-08-28,83.230003,83.629997,82.480003,82.580002,80.505379,3788800
2018-08-29,82.419998,83.099998,82.220001,82.790001,80.710106,5712400
2018-08-30,82.580002,82.760002,81.010002,81.400002,79.355019,7122100
2018-08-31,81.250000,82.250000,81.250000,82.199997,80.332291,5177100
2018-09-04,79.389999,80.970001,79.000000,79.599998,77.791374,18565800
2018-09-05,79.650002,80.320000,79.300003,79.919998,78.104103,12269100
2018-09-06,80.169998,80.839996,79.769997,80.400002,78.573196,8576900
2018-09-07,80.010002,81.160004,80.010002,80.300003,78.475471,6633900
2018-09-10,81.389999,82.440002,81.220001,82.099998,80.234566,6965600
2018-09-11,83.199997,83.580002,82.550003,82.629997,80.752525,7166800
2018-09-12,82.699997,83.040001,82.040001,83.000000,81.114120,5384300
2018-09-13,83.209999,83.900002,83.120003,83.470001,81.573441,5382100
2018-09-14,83.580002,83.839996,83.059998,83.489998,81.592987,4884400
2018-09-17,83.489998,83.930000,82.940002,83.260002,81.368210,4861100
2018-09-18,83.239998,85.349998,83.239998,85.260002,83.322777,7277700
2018-09-19,85.690002,85.849998,84.120003,84.430000,82.511627,8053100
2018-09-20,85.089996,85.870003,84.930000,85.370003,83.430260,6620300
2018-09-21,86.000000,86.040001,85.010002,85.550003,83.606186,13852700
2018-09-24,85.160004,85.260002,84.250000,84.269997,82.355270,8770400
2018-09-25,84.860001,85.099998,84.070000,84.790001,82.863457,10519500
2018-09-26,82.610001,84.730003,81.949997,83.699997,81.798210,16357100
2018-09-27,83.769997,84.919998,83.730003,84.540001,82.619141,6080600
2018-09-28,84.290001,85.269997,84.250000,84.720001,82.795029,7452700
2018-10-01,85.099998,85.849998,84.370003,84.459999,82.540939,7876400
2018-10-02,84.339996,84.550003,82.500000,82.769997,80.889343,8446900
2018-10-03,81.930000,82.959999,81.750000,82.500000,80.625481,10046700
2018-10-04,82.339996,82.480003,80.019997,80.180000,78.358185,9161100
2018-10-05,80.089996,80.989998,79.430000,80.120003,78.299561,7019100
2018-10-08,80.040001,80.540001,79.080002,80.230003,78.407066,8058700
2018-10-09,80.370003,81.489998,80.160004,80.419998,78.592735,7643400
2018-10-10,79.660004,80.040001,74.769997,74.940002,73.237259,12977800
2018-10-11,74.769997,77.070000,73.900002,74.510002,72.817024,11532100
2018-10-12,75.970001,76.860001,74.910004,75.910004,74.185226,10393800
2018-10-15,75.769997,76.160004,74.970001,74.989998,73.286118,5789000
2018-10-16,75.599998,77.650002,75.320000,77.480003,75.719543,7744200
2018-10-17,77.519997,77.800003,75.940002,76.480003,74.742264,6816900
2018-10-18,77.400002,77.410004,75.000000,75.599998,73.882271,7622200
2018-10-19,75.830002,76.050003,74.139999,74.209999,72.523842,7301200
2018-10-22,74.650002,75.209999,74.300003,74.900002,73.198166,7042500
2018-10-23,74.190002,74.379997,72.070000,73.349998,71.683380,11423800
2018-10-24,73.470001,74.610001,71.949997,72.120003,70.481323,8333900
2018-10-25,72.690002,73.500000,72.230003,73.099998,71.439072,7648000
2018-10-26,72.000000,72.709999,70.690002,72.070000,70.432472,8371100
2018-10-29,73.260002,74.010002,71.389999,72.190002,70.549736,9874200
2018-10-30,73.070000,74.639999,72.809998,74.510002,72.817024,9470000
2018-10-31,75.500000,76.339996,74.919998,75.040001,73.334991,8755500
2018-11-01,75.230003,76.839996,74.839996,76.790001,75.045227,6117800
2018-11-02,77.529999,78.589996,75.709999,76.580002,74.840012,6995100
2018-11-05,76.489998,77.769997,76.050003,77.529999,75.768410,7143300
2018-11-06,77.339996,77.580002,76.360001,76.570000,74.830215,6424200
2018-11-07,76.940002,78.230003,76.570000,77.970001,76.198402,5403900
2018-11-08,77.690002,78.160004,77.239998,77.779999,76.012711,5425000
2018-11-09,77.709999,77.769997,75.529999,76.360001,74.625000,4737600
2018-11-12,76.349998,76.769997,74.989998,75.099998,73.393623,5204900
2018-11-13,75.529999,76.269997,74.839996,75.199997,73.491341,4584600
2018-11-14,76.320000,77.489998,74.889999,75.199997,73.491341,7984200
2018-11-15,74.440002,74.669998,72.889999,74.330002,72.641113,7858300
2018-11-16,73.760002,75.519997,73.059998,74.739998,73.041801,8064200
2018-11-19,74.690002,74.750000,71.860001,72.519997,70.872253,6744900
2018-11-20,70.489998,72.070000,69.519997,71.120003,69.504051,9053900
2018-11-21,71.989998,72.900002,71.809998,72.370003,70.725655,7326100
2018-11-23,72.050003,72.519997,71.410004,71.489998,69.865646,2582300
2018-11-26,72.339996,73.000000,72.269997,72.709999,71.057930,6458300
2018-11-27,72.279999,72.550003,71.300003,72.089996,70.452011,5008000
2018-11-28,72.300003,74.760002,72.300003,74.660004,72.963631,6167200
2018-11-29,74.639999,74.949997,73.320000,74.339996,72.650887,5436700
2018-11-30,74.180000,75.480003,73.900002,75.120003,73.631081,7947300
2018-12-03,77.099998,79.000000,76.930000,77.940002,76.395172,10211800
2018-12-04,77.419998,78.400002,75.410004,75.790001,74.287788,8800400
2018-12-06,74.370003,75.570000,73.589996,75.540001,74.042747,9693700
2018-12-07,75.040001,75.970001,72.870003,73.339996,71.886337,6133700
2018-12-10,73.099998,73.709999,70.610001,72.510002,71.072800,7235000
2018-12-11,73.870003,74.570000,72.559998,73.570000,72.111794,7794500
2018-12-12,74.519997,75.279999,73.510002,74.320000,72.846916,6950400
2018-12-13,74.500000,74.589996,72.589996,72.930000,71.484474,7454800
2018-12-14,71.970001,73.650002,71.410004,72.529999,71.092407,7221200
2018-12-17,71.370003,71.769997,69.459999,69.900002,68.514542,10647700
2018-12-18,70.900002,72.410004,70.430000,71.150002,69.739746,7533300
2018-12-19,71.449997,72.000000,68.320000,68.970001,67.602959,8426100
2018-12-20,68.730003,69.570000,66.529999,67.529999,66.191505,14488500
2018-12-21,73.290001,74.290001,71.250000,72.370003,70.935577,28487900
2018-12-24,71.400002,71.930000,68.080002,68.099998,66.750198,8551400
2018-12-26,68.699997,73.010002,68.650002,73.010002,71.562881,10019200
2018-12-27,72.180000,73.730003,70.989998,73.669998,72.209801,9004900
2018-12-28,73.970001,74.459999,72.570000,73.339996,71.886337,6197000
2018-12-31,73.980003,74.459999,73.519997,74.139999,72.670494,5519100
2019-01-02,72.790001,74.639999,72.190002,74.059998,72.592087,6762700
2019-01-03,73.250000,73.320000,71.209999,72.750000,71.308044,8007400
2019-01-04,73.449997,75.120003,73.120003,74.650002,73.170387,7844200
2019-01-07,74.739998,76.360001,74.300003,75.720001,74.219170,8184800
2019-01-08,76.830002,77.400002,76.199997,76.730003,75.209160,8809000
2019-01-09,76.970001,77.150002,76.139999,76.589996,75.071930,8591000
2019-01-10,75.639999,77.339996,75.459999,76.419998,74.905312,11148600
2019-01-11,76.339996,76.889999,75.800003,76.040001,74.532845,10689900
2019-01-14,75.459999,76.809998,75.459999,76.089996,74.581833,5677400
2019-01-15,76.190002,77.980003,76.129997,77.879997,76.336372,6212400
2019-01-16,78.000000,78.849998,77.589996,77.680000,76.140327,5697100
2019-01-17,77.540001,79.400002,77.309998,79.129997,77.561584,7737300
2019-01-18,79.949997,80.970001,79.739998,80.449997,78.855415,10404100
2019-01-22,80.330002,81.309998,80.199997,80.750000,79.149475,8781700
2019-01-23,81.190002,81.400002,80.220001,80.500000,78.904427,5823000
2019-01-24,80.599998,80.870003,79.550003,80.440002,78.845627,4753200
2019-01-25,81.250000,81.330002,80.430000,80.610001,79.012253,4457100
2019-01-28,79.800003,80.510002,79.739998,80.320000,78.728004,5452000
2019-01-29,80.360001,80.830002,79.839996,80.220001,78.629990,4187500
2019-01-30,80.400002,81.290001,80.059998,81.279999,79.668976,5200200
2019-01-31,81.180000,81.949997,80.709999,81.879997,80.257065,8599200
2019-02-01,81.830002,81.900002,81.129997,81.510002,79.894417,5351900
2019-02-04,81.220001,82.000000,80.830002,81.989998,80.364906,4236600
2019-02-05,81.980003,83.190002,81.930000,82.860001,81.217651,6545600
2019-02-06,82.510002,82.709999,81.639999,82.709999,81.070625,3682800
2019-02-07,82.150002,82.849998,81.709999,82.389999,80.756981,4827500
2019-02-08,82.250000,82.720001,81.940002,82.360001,80.727570,3786500
2019-02-11,82.949997,83.830002,82.870003,83.680000,82.021408,6158500
2019-02-12,83.970001,84.839996,83.620003,84.709999,83.030991,6290300
2019-02-13,84.760002,85.589996,84.760002,85.400002,83.707306,5032800
2019-02-14,84.610001,85.139999,83.699997,84.680000,83.001579,5179000
2019-02-15,85.489998,85.779999,85.099998,85.379997,83.687706,6111300
2019-02-19,84.580002,85.050003,84.459999,84.570000,82.893753,5105900
2019-02-20,84.629997,84.949997,84.349998,84.839996,83.158417,6436100
2019-02-21,83.570000,84.150002,83.349998,83.949997,82.286049,8579200
2019-02-22,84.199997,85.019997,84.029999,84.760002,83.080002,4449500
2019-02-25,85.389999,85.730003,84.959999,85.169998,83.481865,6229700
2019-02-26,85.309998,86.080002,85.199997,85.800003,84.099380,6678700
2019-02-27,85.529999,86.220001,85.059998,86.169998,84.462044,4588200
2019-02-28,86.080002,86.400002,85.680000,85.730003,84.030785,4988100
2019-03-01,86.930000,87.989998,86.239998,87.160004,85.652222,6314900
2019-03-04,87.320000,87.989998,85.110001,85.639999,84.158516,7339500
2019-03-05,85.879997,86.250000,85.440002,85.440002,83.961990,4976300
2019-03-06,85.599998,85.989998,85.040001,85.129997,83.657349,3198000
2019-03-07,84.970001,85.410004,84.660004,85.260002,83.785103,4321800
2019-03-08,84.580002,84.879997,84.019997,84.800003,83.333054,4669700
2019-03-11,85.389999,85.940002,85.050003,85.820000,84.335403,3999800
2019-03-12,85.779999,86.080002,85.019997,85.430000,83.952164,4431600
2019-03-13,85.699997,86.660004,85.599998,85.930000,84.443512,5037800
2019-03-14,86.150002,86.879997,85.699997,86.870003,85.367256,5906100
2019-03-15,87.220001,87.610001,85.959999,86.800003,85.298454,11031400
2019-03-18,87.300003,87.839996,87.000000,87.820000,86.300812,7750700
2019-03-19,88.220001,88.589996,87.290001,87.690002,86.173058,6642200
2019-03-20,87.500000,87.580002,86.089996,86.690002,85.190361,5991500
2019-03-21,87.239998,88.120003,86.830002,88.010002,86.487534,10386900
2019-03-22,85.199997,85.900002,82.150002,82.190002,80.768219,21659800
2019-03-25,81.480003,83.220001,80.889999,82.330002,80.905777,15558300
2019-03-26,83.629997,84.089996,82.910004,83.379997,81.937614,9611900
2019-03-27,83.690002,83.800003,82.040001,83.089996,81.652634,6485100
2019-03-28,83.930000,84.720001,83.699997,84.040001,82.586197,6032700
2019-03-29,84.599998,84.849998,83.860001,84.209999,82.753273,6492000
2019-04-01,85.040001,85.320000,84.699997,85.230003,83.755623,6737400
2019-04-02,85.000000,85.260002,84.160004,84.370003,82.910507,4433800
2019-04-03,84.900002,84.989998,84.250000,84.470001,83.008766,4080900
2019-04-04,84.489998,85.379997,84.360001,85.279999,83.804749,3660700
2019-04-05,86.000000,86.160004,85.050003,85.400002,83.922676,7367400
2019-04-08,85.010002,85.290001,84.570000,84.730003,83.264267,4705800
2019-04-09,84.220001,84.599998,83.970001,84.279999,82.822037,3804500
2019-04-10,84.639999,85.010002,84.559998,84.879997,83.411674,3918400
2019-04-11,84.900002,85.050003,84.279999,85.000000,83.529602,3347400
2019-04-12,85.300003,86.489998,85.290001,86.239998,84.748146,6037000
2019-04-15,86.889999,87.239998,86.440002,86.830002,85.327934,5034900
2019-04-16,87.000000,87.949997,87.000000,87.800003,86.281158,4652700
2019-04-17,87.949997,88.970001,87.449997,88.730003,87.195084,5694900
2019-04-18,88.760002,90.000000,88.699997,89.199997,87.656929,7016600
2019-04-22,88.349998,88.639999,87.300003,87.360001,85.848778,5390500
2019-04-23,87.570000,87.669998,87.010002,87.430000,85.917557,7513700
2019-04-24,87.669998,88.820000,87.430000,88.389999,86.860954,8063000
2019-04-25,88.400002,88.540001,87.489998,87.559998,86.045303,7069900
2019-04-26,87.949997,88.940002,87.330002,88.309998,86.782333,6219600
2019-04-29,88.180000,88.510002,88.129997,88.260002,86.733208,5008400
2019-04-30,88.290001,88.400002,87.260002,87.830002,86.310638,7614100
2019-05-01,87.730003,87.949997,85.870003,85.900002,84.414024,6524600
2019-05-02,86.209999,86.279999,84.989998,85.269997,83.794930,6813700
2019-05-03,85.900002,86.300003,85.699997,85.699997,84.217484,6798300
2019-05-06,83.769997,83.870003,82.860001,83.570000,82.124336,12836600
2019-05-07,83.019997,83.629997,81.830002,82.540001,81.112144,9811300
2019-05-08,82.430000,83.989998,82.139999,82.769997,81.338173,9501300
2019-05-09,82.209999,83.010002,81.540001,82.980003,81.544533,6336600
2019-05-10,82.779999,84.269997,82.190002,83.949997,82.497749,5450500
2019-05-13,81.650002,82.629997,81.320000,82.529999,81.102325,6445200
2019-05-14,82.779999,84.000000,82.059998,83.669998,82.222595,7529200
2019-05-15,83.169998,84.489998,82.940002,84.010002,82.556725,4862200
2019-05-16,84.510002,85.400002,84.199997,84.279999,82.822037,6745200
2019-05-17,83.510002,85.519997,83.500000,84.570000,83.107033,5068200
2019-05-20,83.800003,83.800003,82.739998,82.849998,81.416794,7181900
2019-05-21,83.360001,83.800003,82.510002,83.639999,82.193115,5762500
2019-05-22,82.989998,83.339996,82.760002,83.199997,81.760727,5237800
2019-05-23,82.500000,83.059998,81.989998,82.639999,81.210419,9704200
2019-05-24,82.199997,83.169998,82.089996,82.160004,80.738724,5999000
2019-05-28,82.849998,83.190002,81.129997,81.199997,79.795319,7927300
2019-05-29,80.709999,80.860001,77.699997,78.870003,77.505638,10116900
2019-05-30,78.919998,79.730003,78.610001,79.260002,77.888878,6177800
2019-05-31,78.000000,78.260002,77.070000,77.139999,76.016556,8891100
2019-06-03,77.239998,78.580002,77.080002,77.959999,76.824623,11665500
2019-06-04,79.300003,81.650002,78.779999,81.620003,80.431313,7526800
2019-06-05,82.290001,82.900002,81.930000,82.720001,81.515297,8173200
2019-06-06,82.720001,83.059998,82.080002,82.449997,81.249229,4953000
2019-06-07,83.089996,83.680000,82.809998,83.410004,82.195259,3891100
2019-06-10,83.750000,84.199997,82.449997,82.580002,81.377335,4419800
2019-06-11,83.650002,84.339996,83.129997,83.260002,82.047440,3939400
2019-06-12,83.480003,84.019997,82.519997,82.629997,81.426605,4025900
2019-06-13,83.150002,83.919998,83.050003,83.610001,82.392342,3383400
2019-06-14,83.510002,83.860001,83.040001,83.440002,82.224808,4355600
2019-06-17,83.339996,83.459999,82.010002,82.110001,80.914185,5101900
2019-06-18,82.699997,84.650002,82.500000,84.300003,83.072296,6456500
2019-06-19,83.730003,83.900002,83.139999,83.550003,82.333206,6217700
2019-06-20,84.900002,85.669998,84.419998,85.239998,83.998596,6163800
2019-06-21,85.160004,85.750000,84.599998,85.750000,84.501167,9289800
2019-06-24,86.000000,86.849998,84.370003,84.500000,83.269371,8043300
2019-06-25,84.599998,84.690002,82.160004,82.620003,81.416756,7339900
2019-06-26,83.150002,83.690002,82.440002,82.550003,81.347771,5838500
2019-06-27,82.930000,83.769997,82.930000,83.660004,82.441612,11436700
2019-06-28,83.989998,84.750000,82.669998,83.949997,82.727379,12443800
2019-07-01,84.930000,86.279999,84.900002,85.410004,84.166122,6587300
2019-07-02,85.360001,85.470001,84.220001,84.959999,83.722672,7187200
2019-07-03,85.330002,86.290001,85.120003,86.199997,84.944603,4012800
2019-07-05,85.800003,86.910004,85.419998,86.820000,85.555588,6440900
2019-07-08,86.059998,88.519997,85.970001,88.480003,87.191406,7052000
2019-07-09,88.099998,88.800003,87.820000,88.040001,86.757828,6219700
2019-07-10,88.480003,88.940002,87.389999,87.440002,86.166565,5985500
2019-07-11,87.709999,88.300003,87.400002,88.290001,87.004181,3942400
2019-07-12,88.180000,89.309998,88.010002,89.120003,87.822083,4240900
2019-07-15,89.059998,89.870003,89.059998,89.480003,88.176849,3750900
2019-07-16,89.500000,89.709999,88.570000,88.599998,87.309654,5812800
2019-07-17,88.419998,88.690002,87.440002,87.500000,86.225677,4461500
2019-07-18,87.629997,87.760002,86.760002,87.440002,86.166565,4607000
2019-07-19,87.730003,87.879997,86.480003,86.550003,85.289520,6635300
2019-07-22,86.559998,86.989998,85.830002,85.970001,84.717964,6810300
2019-07-23,86.639999,87.099998,86.230003,86.699997,85.437332,5659900
2019-07-24,86.650002,87.209999,86.309998,86.699997,85.437332,6362900
2019-07-25,86.820000,87.500000,86.589996,87.279999,86.008896,4546400
2019-07-26,87.440002,87.839996,86.769997,87.540001,86.265099,3707200
2019-07-29,87.650002,87.870003,87.180000,87.620003,86.343941,4387300
2019-07-30,86.820000,87.910004,86.360001,87.199997,85.930054,3561200
2019-07-31,87.089996,87.269997,85.550003,86.029999,84.777092,5818200
2019-08-01,85.260002,86.769997,82.699997,83.120003,81.909477,7871800
2019-08-02,82.529999,83.239998,80.790001,81.139999,79.958321,8761400
2019-08-05,79.660004,80.050003,78.190002,78.970001,77.819916,8493300
2019-08-06,79.849998,81.589996,79.489998,81.300003,80.115982,8664500
2019-08-07,80.500000,81.820000,80.089996,81.279999,80.096260,6275000
2019-08-08,81.809998,83.360001,81.610001,83.000000,81.791229,6208900
2019-08-09,83.139999,83.430000,81.320000,81.980003,80.786087,5460200
2019-08-12,81.410004,81.949997,81.180000,81.650002,80.460876,3762500
2019-08-13,81.169998,84.150002,80.849998,83.320000,82.106567,6896800
2019-08-14,81.239998,81.690002,80.510002,81.029999,79.849915,7266100
2019-08-15,80.930000,81.300003,79.440002,79.510002,78.352051,6713600
2019-08-16,80.089996,80.559998,79.250000,80.279999,79.110840,5649000
2019-08-19,82.000000,82.339996,80.830002,81.129997,79.948441,7027900
2019-08-20,80.720001,81.230003,79.449997,80.529999,79.357193,5903100
2019-08-21,81.940002,82.839996,81.629997,82.739998,81.535004,6454200
2019-08-22,83.000000,83.720001,82.500000,83.309998,82.096695,5571600
2019-08-23,82.019997,82.760002,80.029999,80.440002,79.268509,8497800
2019-08-26,81.440002,82.279999,80.739998,82.250000,81.052139,4336000
2019-08-27,82.629997,83.180000,82.000000,82.029999,80.835350,3842500
2019-08-28,81.900002,83.589996,81.720001,83.480003,82.264236,4123700
2019-08-29,84.220001,85.769997,84.169998,85.379997,84.136551,5101900
2019-08-30,85.699997,85.989998,84.410004,84.500000,83.484489,5235400
2019-09-03,84.000000,84.830002,83.620003,84.669998,83.652443,6360800
2019-09-04,85.580002,86.500000,85.500000,86.349998,85.312248,4151200
2019-09-05,87.279999,88.620003,87.279999,88.419998,87.357376,6328400
2019-09-06,88.400002,88.980003,88.019997,88.690002,87.624138,3625300
2019-09-09,88.940002,89.349998,88.419998,88.669998,87.604378,4282400
2019-09-10,88.260002,88.629997,86.290001,86.830002,85.786484,7072400
2019-09-11,86.959999,87.250000,85.870003,86.750000,85.707443,4623300
2019-09-12,87.099998,88.070000,86.220001,87.669998,86.616386,4057500
2019-09-13,88.250000,88.790001,87.300003,87.320000,86.270599,5894700
2019-09-16,87.089996,87.820000,86.669998,87.269997,86.221191,4171700
2019-09-17,86.769997,87.639999,86.470001,87.589996,86.537346,3248400
2019-09-18,87.650002,88.400002,87.209999,88.080002,87.021461,4722200
2019-09-19,88.400002,88.720001,87.510002,87.699997,86.646027,4231200
2019-09-20,88.000000,88.489998,86.669998,86.680000,85.638290,6991100
2019-09-23,86.980003,88.019997,86.800003,87.690002,86.636154,4790000
2019-09-24,88.449997,88.690002,86.760002,87.180000,86.132278,10202900
2019-09-25,91.779999,92.790001,90.150002,90.809998,89.718658,25330700
2019-09-26,91.620003,92.449997,90.250000,92.169998,91.062309,10408300
2019-09-27,91.849998,92.860001,91.599998,92.309998,91.200630,6420500
2019-09-30,92.529999,94.080002,92.500000,93.919998,92.791275,7401200
2019-10-01,94.129997,94.750000,92.059998,92.279999,91.170990,8464900
2019-10-02,91.470001,91.839996,90.570000,91.489998,90.390488,6933900
2019-10-03,91.309998,92.320000,90.349998,92.220001,91.111717,5762300
2019-10-04,92.220001,93.169998,91.930000,93.070000,91.951492,4551400
2019-10-07,92.500000,93.919998,92.400002,93.169998,92.050293,4975400
2019-10-08,90.449997,92.709999,90.410004,91.750000,90.647362,6916800
2019-10-09,92.410004,93.050003,91.820000,92.519997,91.408104,5115900
2019-10-10,93.500000,93.500000,92.720001,93.000000,91.882332,5794100
2019-10-11,94.000000,94.570000,93.559998,93.879997,92.751755,6220100
2019-10-14,94.199997,95.250000,94.050003,94.879997,93.739746,4636000
2019-10-15,95.000000,95.180000,94.120003,94.790001,93.650833,4292500
2019-10-16,94.089996,95.139999,94.070000,94.879997,93.739746,4883300
2019-10-17,95.570000,95.889999,94.970001,95.559998,94.411575,3427400
2019-10-18,94.809998,96.459999,94.800003,96.099998,94.945076,6209200
2019-10-21,96.610001,96.870003,95.419998,96.220001,95.063644,5185800
2019-10-22,96.059998,96.830002,95.519997,95.599998,94.451088,5470100
2019-10-23,95.029999,95.540001,92.120003,92.320000,91.210510,11933600
2019-10-24,92.680000,92.870003,90.989998,91.500000,90.400360,12085800
2019-10-25,91.440002,91.830002,90.750000,90.919998,89.827332,8147200
2019-10-28,91.059998,91.300003,90.169998,90.849998,89.758179,10304700
2019-10-29,90.849998,90.919998,89.129997,89.279999,88.207039,9044700
2019-10-30,89.449997,90.269997,89.349998,90.190002,89.106110,8127500
2019-10-31,90.000000,90.410004,88.940002,89.550003,88.473801,6752000
2019-11-01,90.180000,90.529999,89.000000,89.180000,88.108246,5263600
2019-11-04,90.129997,90.559998,89.320000,89.860001,88.780083,8161200
2019-11-05,90.150002,90.339996,89.540001,89.879997,88.799835,5589700
2019-11-06,90.639999,90.720001,88.739998,89.480003,88.404640,7033800
2019-11-07,90.470001,90.599998,89.769997,90.400002,89.313583,7110000
2019-11-08,90.279999,90.349998,89.290001,89.809998,88.730667,4555400
2019-11-11,89.370003,90.099998,89.370003,90.050003,88.967789,3247300
2019-11-12,90.309998,92.029999,89.489998,89.500000,88.424393,3979600
2019-11-13,89.730003,91.550003,89.570000,91.290001,90.192879,5923600
2019-11-14,91.489998,91.959999,90.720001,91.269997,90.173126,6035300
2019-11-15,92.139999,93.559998,91.959999,93.040001,91.921860,6785500
2019-11-18,93.500000,94.260002,92.910004,94.180000,93.048157,6165600
2019-11-19,94.610001,95.120003,93.059998,93.610001,92.485008,5368400
2019-11-20,94.110001,94.400002,92.769997,93.050003,91.931740,6235400
2019-11-21,92.620003,93.300003,92.070000,92.160004,91.052429,5493100
2019-11-22,92.209999,93.349998,91.930000,93.339996,92.218246,4264400
2019-11-25,93.779999,93.970001,92.739998,92.900002,91.783539,5419700
2019-11-26,93.379997,93.629997,93.019997,93.330002,92.208366,5907400
2019-11-27,93.500000,94.379997,93.500000,94.139999,93.008629,4017400
2019-11-29,94.370003,94.610001,93.389999,93.489998,92.607452,2541800
2019-12-02,94.089996,94.279999,92.980003,93.559998,92.676796,3892000
2019-12-03,92.480003,92.550003,91.309998,92.459999,91.587181,5570700
2019-12-04,92.809998,93.790001,92.730003,93.720001,92.835289,4456400
2019-12-05,95.879997,95.949997,94.680000,95.790001,94.885750,6946000
2019-12-06,96.559998,97.309998,96.379997,97.000000,96.084328,6368500
2019-12-09,97.019997,97.629997,96.160004,96.629997,95.717819,6517800
2019-12-10,96.760002,97.589996,96.629997,97.010002,96.094231,4234300
2019-12-11,96.900002,97.320000,96.650002,97.180000,96.262627,4319700
2019-12-12,97.320000,98.180000,96.900002,97.720001,96.797531,4762800
2019-12-13,97.430000,98.290001,96.910004,97.769997,96.847054,5247600
2019-12-16,98.139999,99.339996,98.059998,98.809998,97.877235,8211300
2019-12-17,99.379997,100.169998,99.050003,99.650002,98.709312,7050700
2019-12-18,100.199997,100.790001,99.580002,100.570000,99.620628,7332000
2019-12-19,100.500000,101.269997,99.629997,101.150002,100.195145,12214500
2019-12-20,101.000000,101.400002,98.849998,99.959999,99.016388,17641600
2019-12-23,100.230003,100.690002,99.550003,100.040001,99.095634,6350500
2019-12-24,99.830002,100.660004,99.760002,100.139999,99.194679,3328100
2019-12-26,100.339996,100.750000,100.110001,100.709999,99.759300,3709900
2019-12-27,101.000000,101.790001,100.989998,101.570000,100.611183,5307500
2019-12-30,101.540001,101.610001,100.459999,100.800003,99.848450,3495200
2019-12-31,100.580002,101.389999,100.510002,101.309998,100.353630,3213600
2020-01-02,101.360001,102.209999,101.019997,102.199997,101.235237,5644100
2020-01-03,100.589996,102.000000,100.309998,101.919998,100.957878,4541800
2020-01-06,100.949997,101.839996,100.870003,101.830002,100.868736,4612400
2020-01-07,101.809998,102.739998,100.809998,101.779999,100.819206,6719900
2020-01-08,101.309998,102.139999,100.849998,101.550003,100.591377,4942200
2020-01-09,101.940002,102.410004,101.389999,101.480003,100.522034,5007500
2020-01-10,101.889999,101.930000,100.760002,100.900002,99.947510,5135300
2020-01-13,101.000000,102.339996,100.820000,102.160004,101.195625,6722400
2020-01-14,102.449997,103.889999,102.349998,102.919998,101.948441,5088500
2020-01-15,103.250000,103.699997,102.480003,102.790001,101.819672,4209200
2020-01-16,102.879997,103.570000,102.849998,103.370003,102.394196,6571700
2020-01-17,103.430000,104.550003,103.339996,104.529999,103.543236,6271200
2020-01-21,104.250000,104.690002,103.809998,104.580002,103.592773,4854700
2020-01-22,105.000000,105.620003,104.419998,104.489998,103.503616,5031400
2020-01-23,104.029999,104.370003,102.620003,103.019997,102.047485,7102900
2020-01-24,103.589996,103.889999,101.660004,102.029999,101.066841,3839300
2020-01-27,98.209999,100.709999,98.010002,100.239998,99.293739,9841400
2020-01-28,100.339996,101.050003,99.519997,100.410004,99.462143,5673200
2020-01-29,101.070000,101.300003,99.169998,99.839996,98.897514,4503700
2020-01-30,99.019997,99.750000,97.370003,98.190002,97.263092,7065100
2020-01-31,98.110001,98.449997,95.919998,96.300003,95.390938,8780300
2020-02-03,99.000000,100.919998,98.570000,99.269997,98.332893,9727700
2020-02-04,101.910004,102.779999,101.260002,101.379997,100.422981,6559600
2020-02-05,101.760002,101.970001,99.529999,100.540001,99.590912,6108300
2020-02-06,100.900002,101.529999,100.160004,100.269997,99.323448,5641800
2020-02-07,99.809998,100.400002,98.970001,99.440002,98.501289,4121800
2020-02-10,99.220001,100.510002,99.000000,100.019997,99.075813,4213900
2020-02-11,100.070000,100.349998,99.440002,100.019997,99.075813,4871800
2020-02-12,100.739998,103.080002,100.440002,103.000000,102.027679,8075600
2020-02-13,102.510002,103.739998,101.680000,103.370003,102.394196,5386800
2020-02-14,103.529999,103.889999,102.449997,103.540001,102.562592,4305300
2020-02-18,103.000000,103.379997,101.610001,102.000000,101.037132,4916200
2020-02-19,102.660004,103.389999,102.430000,102.459999,101.492783,6200500
2020-02-20,102.459999,102.629997,100.550003,102.529999,101.562111,6427600
2020-02-21,102.000000,102.080002,99.629997,100.250000,99.303642,5750900
2020-02-24,95.540001,97.070000,95.250000,95.910004,95.004608,8364200
2020-02-25,96.349998,96.760002,92.620003,92.900002,92.023033,9602100
2020-02-26,93.080002,94.650002,91.989998,92.000000,91.131516,9308400
2020-02-27,90.000000,93.059998,88.500000,88.550003,87.714088,12825700
2020-02-28,86.029999,89.470001,85.150002,89.379997,88.781891,16565700
2020-03-02,89.599998,93.139999,87.910004,92.680000,92.059814,14102000
2020-03-03,92.739998,94.980003,90.570000,90.930000,90.321526,14767600
2020-03-04,92.080002,93.820000,90.839996,93.790001,93.162384,6904400
2020-03-05,91.260002,91.680000,89.940002,90.580002,89.973869,8851100
2020-03-06,88.360001,89.389999,85.879997,88.360001,87.768715,12336400
2020-03-09,81.889999,86.739998,80.919998,84.110001,83.547165,13272700
2020-03-10,86.690002,88.400002,82.879997,88.300003,87.709129,12755900
2020-03-11,84.000000,84.629997,82.070000,84.000000,83.437904,16172000
2020-03-12,78.230003,78.489998,73.000000,74.199997,73.703468,21534800
2020-03-13,78.199997,78.199997,71.760002,75.580002,75.074242,21859600
2020-03-16,65.279999,72.970001,63.369999,66.790001,66.343063,17976700
2020-03-17,67.510002,73.330002,62.400002,69.839996,69.372658,17122100
2020-03-18,64.790001,68.330002,60.000000,68.040001,67.584694,19498800
2020-03-19,67.040001,72.709999,64.150002,70.339996,69.869308,16177200
2020-03-20,71.510002,74.059998,67.199997,67.449997,66.998642,15761900
2020-03-23,65.000000,66.879997,60.580002,62.799999,62.379765,17690000
2020-03-24,65.699997,72.660004,64.000000,72.330002,71.845993,18849500
2020-03-25,80.110001,83.489998,76.199997,79.010002,78.481293,27053200
2020-03-26,80.169998,86.860001,80.010002,84.300003,83.735893,17200800
2020-03-27,81.699997,85.739998,79.510002,83.230003,82.673058,14183400
2020-03-30,84.000000,85.959999,81.500000,85.379997,84.808662,10960100
2020-03-31,85.129997,85.730003,82.400002,82.739998,82.186333,9610100
2020-04-01,79.489998,81.180000,78.529999,79.230003,78.699821,9771300
2020-04-02,79.000000,81.599998,77.160004,80.139999,79.603729,12731300
2020-04-03,79.360001,79.790001,77.910004,78.860001,78.332298,8476900
2020-04-06,81.910004,85.040001,81.209999,84.629997,84.063675,11266500
2020-04-07,88.699997,88.870003,84.029999,84.160004,83.596832,10468100
2020-04-08,84.699997,85.769997,83.610001,85.300003,84.729202,6642700
2020-04-09,86.690002,87.389999,85.160004,86.790001,86.209229,7773600
2020-04-13,85.800003,85.989998,84.139999,84.459999,83.894821,5077600
2020-04-14,85.949997,87.769997,85.480003,87.470001,86.884682,6397200
2020-04-15,84.870003,85.879997,83.709999,85.040001,84.470940,8053900
2020-04-16,85.430000,86.529999,84.550003,86.300003,85.722519,9373800
2020-04-17,89.000000,90.250000,88.360001,89.910004,89.308357,8111400
2020-04-20,88.430000,89.440002,87.519997,87.900002,87.311806,7244400
2020-04-21,85.989998,86.900002,85.089996,85.199997,84.629868,6597000
2020-04-22,86.980003,89.440002,86.419998,88.769997,88.175980,6463900
2020-04-23,88.940002,89.529999,87.260002,87.349998,86.765480,5343500
2020-04-24,88.889999,89.120003,87.650002,88.370003,87.778664,4450100
2020-04-27,88.379997,89.870003,87.309998,89.370003,88.771973,6875100
2020-04-28,90.550003,90.709999,88.629997,88.800003,88.205788,5145400
2020-04-29,90.000000,91.389999,87.830002,88.070000,87.480667,9461400
2020-04-30,87.000000,88.000000,86.510002,87.180000,86.596619,9371400
2020-05-01,85.669998,86.110001,84.809998,85.540001,84.967598,6151200
2020-05-04,84.680000,85.800003,84.309998,85.750000,85.176186,6348900
2020-05-05,86.540001,88.529999,86.029999,87.199997,86.616486,6321500
2020-05-06,88.050003,88.690002,87.430000,88.440002,87.848183,7342300
2020-05-07,89.400002,90.239998,88.379997,88.559998,87.967384,4565900
2020-05-08,90.110001,90.639999,89.589996,90.459999,89.854675,5489400
2020-05-11,89.449997,91.419998,89.139999,90.930000,90.321526,4937600
2020-05-12,91.529999,91.669998,88.150002,88.260002,87.669395,5622600
2020-05-13,87.379997,87.739998,85.199997,86.019997,85.444374,6739800
2020-05-14,85.000000,86.580002,84.110001,86.550003,85.970840,7431800
2020-05-15,85.250000,87.230003,84.879997,86.989998,86.407890,9165000
2020-05-18,90.489998,91.599998,89.879997,91.040001,90.430786,8519600
2020-05-19,90.849998,93.820000,90.820000,91.510002,90.897644,6514100
2020-05-20,93.199997,93.860001,92.699997,92.949997,92.328003,6347000
2020-05-21,92.879997,94.379997,92.370003,94.260002,93.629250,7504300
2020-05-22,94.419998,94.650002,93.349998,93.750000,93.122658,4049500
2020-05-26,95.980003,97.430000,95.279999,96.620003,95.973457,7185200
2020-05-27,98.120003,99.989998,97.620003,99.870003,99.201706,7915900
2020-05-28,100.089996,100.690002,98.250000,98.459999,97.801132,7260700
2020-05-29,98.190002,99.250000,96.930000,98.580002,98.164604,10333400
2020-06-01,98.400002,99.779999,97.889999,99.540001,99.120552,4295400
2020-06-02,99.419998,100.879997,98.820000,100.739998,100.315491,10798700
2020-06-03,101.260002,104.550003,101.120003,104.110001,103.671295,5867700
2020-06-04,103.660004,103.900002,100.470001,101.279999,100.853218,8775000
2020-06-05,104.000000,104.690002,102.129997,102.709999,102.277199,8363600
2020-06-08,103.050003,104.300003,102.709999,104.290001,103.850540,6165400
2020-06-09,102.820000,103.769997,102.430000,102.629997,102.197533,5385900
2020-06-10,103.000000,103.150002,101.709999,102.120003,101.689682,5194200
2020-06-11,98.379997,98.989998,94.879997,95.169998,94.768967,10976900
2020-06-12,97.800003,97.800003,94.739998,96.430000,96.023666,7416400
2020-06-15,93.900002,98.080002,93.440002,97.839996,97.427719,8645300
2020-06-16,101.250000,101.339996,97.720001,99.040001,98.622665,6054400
2020-06-17,99.000000,100.239998,98.889999,99.209999,98.791946,3405500
2020-06-18,98.690002,99.419998,97.849998,98.449997,98.035141,4392400
2020-06-19,99.970001,99.980003,95.779999,95.779999,95.376396,10304000
2020-06-22,96.849998,99.540001,96.019997,99.510002,99.090683,6918200
2020-06-23,101.150002,102.220001,100.709999,101.919998,101.490524,6499000
2020-06-24,100.940002,101.849998,98.089996,100.080002,99.658279,8611600
2020-06-25,99.230003,101.680000,98.800003,101.400002,100.972725,11531400
2020-06-26,98.500000,98.779999,93.570000,93.669998,93.275291,24918500
2020-06-29,93.699997,96.000000,93.699997,95.870003,95.466019,9624200
2020-06-30,96.000000,98.300003,95.639999,98.050003,97.636833,9065500
2020-07-01,98.500000,98.720001,97.110001,97.400002,96.989571,5733800
2020-07-02,98.779999,99.660004,98.019997,98.430000,98.015228,5354900
2020-07-06,99.620003,100.029999,99.040001,99.949997,99.528824,4995000
2020-07-07,99.220001,99.550003,96.919998,97.070000,96.660957,6352900
2020-07-08,97.500000,98.980003,96.959999,98.839996,98.423500,5634600
2020-07-09,98.550003,98.910004,96.370003,96.989998,96.581299,6282300
2020-07-10,97.000000,98.050003,95.720001,97.989998,97.577080,3967000
2020-07-13,98.250000,98.940002,96.260002,96.459999,96.053535,4845600
2020-07-14,96.330002,97.250000,95.510002,96.760002,96.352272,4850600
2020-07-15,98.410004,99.040001,97.309998,98.540001,98.124763,5343700
2020-07-16,97.500000,98.230003,97.040001,97.260002,96.850166,3594700
2020-07-17,96.949997,97.230003,96.040001,96.279999,95.874290,7405700
2020-07-20,95.500000,96.349998,95.110001,95.650002,95.246948,5822300
2020-07-21,96.919998,99.000000,96.099998,98.360001,97.945526,5857100
2020-07-22,98.160004,98.989998,97.910004,98.910004,98.493210,4097000
2020-07-23,98.349998,100.180000,97.720001,98.300003,97.885780,4530500
2020-07-24,98.139999,99.360001,97.699997,98.430000,98.015228,5638400
2020-07-27,96.959999,98.400002,96.889999,97.209999,96.800369,4273400
2020-07-28,96.949997,97.470001,96.160004,96.269997,95.864334,3822600
2020-07-29,96.430000,97.550003,96.300003,96.970001,96.561378,6872400
2020-07-30,96.470001,97.230003,95.800003,96.820000,96.412018,4018400
2020-07-31,96.889999,97.650002,96.300003,97.610001,97.198685,5510400
2020-08-03,98.029999,99.290001,97.820000,98.330002,97.915657,5472700
2020-08-04,97.790001,97.949997,96.550003,97.330002,96.919868,7539300
2020-08-05,97.120003,101.250000,97.080002,100.940002,100.514664,7227100
2020-08-06,100.639999,101.180000,100.029999,100.449997,100.026718,4060900
2020-08-07,101.000000,101.910004,99.889999,101.860001,101.430786,5545600
2020-08-10,102.470001,106.830002,102.400002,105.410004,104.965820,12678000
2020-08-11,106.849998,107.330002,104.860001,105.120003,104.677048,5400700
2020-08-12,105.720001,105.889999,103.379997,105.220001,104.776619,4714800
2020-08-13,105.300003,106.989998,105.199997,106.519997,106.071136,4281700
2020-08-14,106.120003,106.779999,105.459999,106.430000,105.981522,2985700
2020-08-17,106.500000,106.500000,105.120003,105.660004,105.214767,3017000
2020-08-18,106.459999,107.000000,105.470001,106.970001,106.519249,5023000
2020-08-19,107.690002,109.690002,107.349998,108.389999,107.933258,9508100
2020-08-20,107.559998,108.739998,107.349998,108.010002,107.554863,4304000
2020-08-21,108.000000,109.769997,107.750000,109.750000,109.287529,5564000
2020-08-24,110.000000,112.000000,109.900002,111.830002,111.358772,8173100
2020-08-25,112.000000,112.279999,111.089996,111.510002,111.040115,4380900
2020-08-26,111.919998,112.089996,111.290001,111.529999,111.060036,4477900
2020-08-27,111.989998,112.790001,110.500000,110.839996,110.372932,4390800
2020-08-28,111.010002,112.669998,110.570000,112.290001,112.064537,3731100
2020-08-31,112.139999,112.519997,111.139999,111.889999,111.665337,3519800
2020-09-01,112.000000,114.900002,111.830002,114.839996,114.609406,4914000
2020-09-02,115.059998,117.410004,114.500000,116.800003,116.565483,6775400
2020-09-03,116.800003,116.900002,112.000000,112.849998,112.623405,7264400
2020-09-04,112.959999,113.750000,110.209999,112.400002,112.174316,5157600
2020-09-08,111.290001,113.839996,110.540001,112.720001,112.493668,5300100
2020-09-09,113.019997,116.209999,112.830002,114.900002,114.669296,5997900
2020-09-10,115.900002,118.230003,114.000000,114.790001,114.559517,5032800
2020-09-11,116.760002,119.250000,116.419998,118.000000,117.763069,8565200
2020-09-14,118.500000,119.930000,118.169998,119.279999,119.040497,4990300
2020-09-15,119.699997,120.480003,119.180000,119.269997,119.030518,5934200
2020-09-16,118.309998,119.690002,118.160004,118.589996,118.351883,7023700
2020-09-17,117.339996,118.550003,115.800003,116.360001,116.126358,7376400
2020-09-18,115.430000,117.910004,114.489998,114.660004,114.429779,12876600
2020-09-21,112.949997,114.059998,111.739998,113.370003,113.142365,8486400
2020-09-22,113.099998,117.199997,112.849998,116.870003,116.635338,13007200
2020-09-23,130.220001,130.380005,125.260002,127.110001,126.854774,37822700
2020-09-24,126.440002,127.540001,123.300003,124.750000,124.499512,13485800
2020-09-25,123.650002,124.750000,122.269997,124.230003,123.980560,9182800
2020-09-28,125.160004,126.190002,123.889999,124.320000,124.070381,7525000
2020-09-29,124.339996,127.099998,123.959999,126.349998,126.096298,7796400
2020-09-30,126.099998,127.279999,125.160004,125.540001,125.287926,8699700
2020-10-01,127.730003,127.730003,125.309998,126.639999,126.385719,5637200
2020-10-02,124.349998,126.800003,123.589996,126.639999,126.385719,7491100
2020-10-05,127.070000,128.500000,126.449997,127.910004,127.653175,8270300
2020-10-06,128.839996,130.440002,127.269997,127.650002,127.393692,5978000
2020-10-07,128.399994,130.410004,128.250000,130.059998,129.798843,4390500
2020-10-08,130.399994,130.929993,129.509995,129.710007,129.449554,3595600
2020-10-09,129.990005,131.190002,129.330002,130.979996,130.716995,4293400
2020-10-12,131.190002,131.339996,129.259995,129.460007,129.200058,5136500
2020-10-13,128.050003,129.869995,127.959999,129.199997,128.940582,4245000
2020-10-14,129.529999,129.600006,127.010002,127.660004,127.403671,3587300
2020-10-15,126.480003,129.100006,126.110001,129.000000,128.740982,4235800
2020-10-16,129.509995,130.190002,127.550003,128.000000,127.742989,6010900
2020-10-19,129.100006,129.779999,127.050003,127.430000,127.174133,5160800
2020-10-20,128.000000,129.899994,127.720001,128.490005,128.232010,3799200
2020-10-21,128.500000,131.380005,128.449997,129.429993,129.170105,4916300
2020-10-22,129.600006,130.259995,128.860001,130.020004,129.758942,2869900
2020-10-23,130.000000,130.600006,128.649994,129.990005,129.729004,4046300
2020-10-26,129.059998,129.619995,126.680000,128.369995,128.112244,5422500
2020-10-27,128.779999,129.490005,127.900002,127.989998,127.733009,2985700
2020-10-28,125.279999,126.400002,121.040001,122.080002,121.834877,8618300
2020-10-29,122.279999,124.190002,121.150002,122.860001,122.613312,4947000
2020-10-30,123.660004,123.660004,118.800003,120.080002,119.838890,7791600
2020-11-02,122.370003,124.099998,121.099998,122.389999,122.144249,4740400
2020-11-03,124.010002,125.500000,123.190002,124.589996,124.339828,3490900
2020-11-04,125.330002,128.929993,125.260002,127.339996,127.084312,5061800
2020-11-05,129.190002,130.410004,128.460007,129.699997,129.439575,3940000
2020-11-06,129.910004,129.910004,128.350006,128.899994,128.641174,2954000
2020-11-09,135.059998,136.350006,128.770004,128.949997,128.691071,7491700
2020-11-10,130.050003,130.119995,126.250000,127.709999,127.453568,8014700
2020-11-11,128.690002,129.800003,127.180000,127.660004,127.403671,6058700
2020-11-12,126.620003,127.839996,125.629997,126.639999,126.385719,4780400
2020-11-13,127.910004,128.600006,126.830002,128.279999,128.022430,3986100
2020-11-16,129.460007,130.320007,127.370003,130.110001,129.848755,6116200
2020-11-17,130.479996,132.600006,129.110001,132.210007,131.944550,7002900
2020-11-18,133.070007,133.979996,131.529999,131.630005,131.365707,5572800
2020-11-19,131.919998,132.110001,129.929993,131.910004,131.645142,4642800
2020-11-20,133.300003,133.529999,131.910004,132.979996,132.712982,4318100
2020-11-23,134.380005,134.889999,133.089996,134.130005,133.860687,6118400
2020-11-24,135.000000,135.990005,134.210007,134.699997,134.429535,7204700
2020-11-25,134.250000,135.800003,133.619995,135.539993,135.267838,4484500
2020-11-27,136.000000,136.130005,133.339996,134.250000,133.980438,3506800
2020-11-30,133.910004,135.289993,132.690002,134.699997,134.429535,9652500
2020-12-01,136.440002,136.500000,134.750000,135.440002,135.168045,3834500
2020-12-02,135.160004,136.320007,134.669998,135.580002,135.307770,4132700
2020-12-03,135.100006,137.949997,135.000000,136.960007,136.684998,4930900
2020-12-04,137.080002,137.399994,135.639999,137.190002,137.190002,4344000
2020-12-07,137.000000,138.860001,136.800003,138.750000,138.750000,4590800
2020-12-08,138.240005,140.440002,137.649994,139.119995,139.119995,6953600
2020-12-09,140.570007,140.570007,138.270004,138.789993,138.789993,4341300
2020-12-10,138.279999,139.139999,137.240005,137.580002,137.580002,4511000
2020-12-11,137.389999,138.139999,136.229996,137.410004,137.410004,4172400
2020-12-14,138.919998,139.000000,136.199997,136.279999,136.279999,7599000
2020-12-15,137.429993,139.440002,137.250000,139.389999,139.389999,7642600
2020-12-16,139.070007,140.490005,137.460007,138.339996,138.339996,6573400
2020-12-17,139.919998,140.740005,138.750000,140.500000,140.500000,8727000
2020-12-18,141.089996,141.139999,137.169998,137.279999,137.279999,17970800
2020-12-21,144.820007,147.949997,142.509995,144.020004,144.020004,16111300
2020-12-22,143.050003,143.470001,141.089996,142.449997,142.449997,6339400
2020-12-23,142.559998,143.600006,141.699997,141.759995,141.759995,3388300
2020-12-24,141.100006,142.190002,141.100006,141.600006,141.600006,1821900
2020-12-28,142.539993,142.919998,141.039993,142.429993,142.429993,4081500
2020-12-29,142.830002,143.059998,140.429993,141.570007,141.570007,3232400
2020-12-30,142.160004,142.610001,140.660004,141.580002,141.580002,3052100
2020-12-31,141.699997,141.789993,140.369995,141.470001,141.470001,2949900